  5.0023160e-001  2.7811555e-001
 -2.5632995e-002  2.0149940e-002
 -2.3042775e-001 -5.7171791e-002
 -8.7718298e-001  8.3782194e-001
 -5.7261702e-001  2.2837100e-001
  8.7746729e-002  2.2695412e-002
 -1.7871078e-001 -3.8276511e-002
  8.0192641e-001  3.4506269e-001
 -8.8742093e-001  8.0668282e-001
 -1.1298151e-001 -3.4749133e-002
  7.5625054e-002  1.2407840e-002
 -7.3187880e-001  5.0500558e-001
  8.1894448e-002  4.6626522e-002
  7.1473638e-001  3.9083525e-001
 -6.0396527e-001  3.2683781e-001
 -6.8878180e-001  3.9981585e-001
 -8.7724446e-001  7.7179695e-001
  3.2214798e-001  2.0450589e-001
 -9.6279472e-001  1.0003331e+000
 -4.1779413e-001  8.4684138e-002
  9.4764765e-001  3.1473737e-001
  5.2928091e-001  2.4105227e-001
 -5.1263214e-001  1.4399075e-001
  3.6423212e-001  1.8117231e-001
 -7.2429098e-001  4.8567305e-001
  2.5962333e-001  1.6435594e-001
  7.1402939e-001  3.1337076e-001
  7.9959667e-001  3.8660776e-001
 -3.0326320e-001  4.2058003e-003
 -2.7379613e-002  2.0958304e-002
  3.5903498e-001  1.8779926e-001
  4.0824378e-001  1.9831844e-001
 -7.8231887e-002 -2.4451326e-002
 -2.7145541e-001  2.0453300e-002
 -4.3946955e-001  1.3886507e-001
 -8.4759113e-001  7.7185839e-001
 -1.1075006e-001 -5.7730434e-002
 -6.6858741e-001  3.4291290e-001
 -2.0250205e-001  2.1350658e-002
  8.4116934e-001  3.4543547e-001
  2.2668771e-002 -3.8717871e-002
  8.2828466e-001  3.3431878e-001
 -8.1613212e-001  7.0195046e-001
  9.8607435e-001  2.2767563e-001
 -8.0713275e-001  6.2225434e-001
 -3.7370501e-001  2.1736180e-002
  5.7075022e-001  2.7117994e-001
  2.0480052e-001  8.0381359e-002
 -6.8183293e-002 -6.5590352e-003
 -4.0373731e-001  4.5800573e-002
 -7.3365443e-001  5.0755320e-001
 -4.0998209e-001  1.0406601e-001
 -6.6674583e-001  3.3830422e-001
 -3.6579212e-001  6.6289901e-002
 -7.8032064e-001  6.0170530e-001
  6.6417592e-001  3.3021020e-001
  9.4318551e-001  3.1953138e-001
 -5.6345746e-001  1.8783051e-001
  4.1215526e-001  2.2743911e-001
 -9.2197262e-001  8.8700023e-001
  2.3259025e-001  6.1602781e-002
  3.3872834e-001  1.8075713e-001
 -9.2559693e-001  9.5719043e-001
 -9.9333088e-001  1.1117628e+000
 -7.1507129e-001  4.9506015e-001
  7.2481092e-001  3.1307070e-001
 -4.4792517e-001  1.1666654e-001
  6.3383074e-002 -1.0161925e-002
  4.4442604e-002 -6.0023195e-003
  1.3523543e-001  6.9504731e-003
 -3.3393489e-001  4.5460988e-002
 -1.7316690e-001  2.3939381e-002
 -1.7130369e-001  3.4967064e-003
  9.6784357e-001  2.8169972e-001
 -8.8452140e-001  8.2428944e-001
 -2.0691423e-001 -3.9104216e-002
  5.8264116e-001  2.8053219e-001
  1.8837093e-001  6.1781990e-002
 -3.8087381e-001  9.9313371e-002
  8.0360581e-001  3.1230672e-001
 -8.1374602e-001  6.6104970e-001
 -3.6194573e-001  1.1522289e-002
  7.7392323e-001  3.3626372e-001
  3.1486335e-001  1.2228241e-001
  3.6903378e-001  1.7896996e-001
 -5.2102750e-002  1.6272889e-002
 -7.1751168e-001  4.9677780e-001
  9.0184976e-001  3.4396571e-001
  7.6525225e-001  3.4739649e-001
 -1.2512291e-001  9.7536477e-003
  6.6991360e-001  3.5491992e-001
 -3.4971320e-001 -1.1811773e-002
 -2.6472140e-001 -3.8943840e-002
  5.8967893e-001  2.8219868e-001
 -8.0138257e-001  6.0544355e-001
  9.0356312e-001  2.6963718e-001
 -9.9705215e-001  1.0901200e+000
 -4.0920830e-001  5.0572799e-002
 -9.0309090e-001  9.1099086e-001
 -1.1451923e-001 -3.6797771e-002
  5.7969274e-001  2.8456956e-001
  8.2704123e-001  3.2461532e-001
  6.6508720e-002  3.9323785e-003
  6.0815289e-001  3.4157042e-001
  1.2532071e-001  3.6173711e-002
  5.0175290e-001  2.3059600e-001
 -9.8153929e-001  1.0847196e+000
 -4.6430296e-002 -2.6362924e-002
 -4.9934095e-001  1.4029005e-001
 -3.8416348e-001  1.2044225e-002
  9.3389821e-001  3.1979783e-001
 -5.8239128e-001  2.4860068e-001
  4.0952506e-002 -2.8495457e-002
 -5.4890774e-001  2.5060300e-001
  1.3439575e-001  3.2850289e-002
  9.9632705e-001  2.4020804e-001
 -7.3626933e-001  5.1641337e-001
  9.0935317e-001  2.6920992e-001
 -7.5224498e-001  5.7681882e-001
 -6.2752359e-001  3.3310308e-001
  2.9300542e-001  1.4877382e-001
 -7.4366185e-001  5.5116488e-001
 -8.3735899e-001  7.1527955e-001
  3.1845411e-001  1.1241218e-001
 -9.4520230e-001  9.7252228e-001
  9.7035960e-001  2.8459168e-001
  7.8661894e-002  5.2394763e-002
 -2.5233017e-001 -2.7790619e-005
  4.1346977e-001  1.6921077e-001
  8.9482275e-001  3.2928831e-001
 -2.3544530e-001 -1.6702469e-002
  3.8581711e-001  2.1761761e-001
  2.0414262e-001  1.1729903e-001
  5.5051542e-001  3.2259046e-001
  1.8366841e-001  3.3473797e-002
 -2.4764038e-001  1.9426656e-002
  7.0129840e-001  3.4665350e-001
 -5.4852962e-001  1.6726257e-001
  5.9391657e-001  2.8568290e-001
  9.9376201e-001  1.9479068e-001
 -4.3737836e-001  1.0192252e-001
  4.2076195e-001  2.2674204e-001
  3.2928413e-001  1.2383965e-001
 -1.7032893e-001  2.7371957e-002
 -3.4601955e-003 -2.5917708e-002
  8.9824605e-001  2.8714774e-001
  9.0636335e-001  2.8104839e-001
  4.6584662e-001  2.0285225e-001
 -2.3063999e-001 -9.9615849e-003
 -9.1983454e-001  8.8376637e-001
  1.6586717e-001  6.1799081e-002
  1.2942528e-001  9.6965537e-002
 -2.8963477e-001  4.7176480e-002
  7.6040164e-001  3.0565650e-001
  2.4906027e-001  1.2728762e-001
  2.4803109e-001  1.0344643e-001
 -4.0851718e-001  9.4438649e-002
 -8.5064015e-001  7.4222241e-001
 -4.1258801e-001  5.1669684e-002
 -5.3052038e-001  1.8762206e-001
 -3.0820524e-001  4.8540643e-002
  6.9698072e-001  3.6170671e-001
 -6.7927124e-001  3.6856254e-001
 -6.8427125e-001  3.7281917e-001
  1.7318539e-002 -7.4908636e-003
  2.0660200e-001  1.2959980e-001
 -6.7720606e-001  4.1366850e-001
  2.7090865e-001  1.4462102e-001
  6.8788115e-001  3.0186271e-001
  5.6453842e-001  2.5633098e-001
 -4.7086729e-001  1.6313732e-001
 -3.7060208e-001  3.8404686e-002
 -6.3360886e-001  3.2451110e-001
 -1.0505345e-001 -2.4708741e-002
 -3.4664277e-001  3.3711031e-002
 -4.4036742e-001  7.5207093e-002
  8.6352782e-001  2.9528304e-001
 -2.0061517e-001  2.1681745e-002
 -2.4115369e-001  3.0620501e-002
  1.8569290e-001  9.2036021e-002
 -8.6298663e-001  7.5513286e-001
 -5.8952468e-001  2.7227301e-001
  4.4723656e-001  2.5494394e-001
  1.5029523e-001  1.0221374e-001
 -5.9953499e-001  2.3492497e-001
  6.8696069e-001  3.4146410e-001
 -1.5254000e-001 -2.9435192e-002
  8.9501925e-002  4.5223301e-002
  5.5934768e-002  2.5350392e-002
 -6.2978436e-001  2.9256235e-001
 -8.3662057e-001  6.6836154e-001
 -7.1812754e-002 -6.5632922e-002
 -9.3889045e-001  9.1350608e-001
 -1.3003168e-001 -3.9942223e-002
  1.1572992e-001  7.3517826e-002
  2.7756426e-001  1.1878132e-001
 -9.3156517e-001  9.5039073e-001
  4.1980089e-001  2.7136329e-001
 -6.6135210e-001  3.8394871e-001
  1.8676495e-001  8.6240409e-002
