 -5.0530128e-003 -1.8276872e-002
 -7.3221957e-003 -1.4237024e-002
  7.6745945e-003 -1.5464051e-002
 -3.5521610e-004  2.9722888e-003
 -3.1840618e-003  1.2897800e-002
 -3.5367776e-003  8.1150763e-003
  4.2652354e-003  1.0538960e-002
 -2.1973241e-003  2.2583572e-003
 -3.3773917e-003  3.0111060e-003
  1.5498851e-004 -8.7225392e-003
  5.8826526e-001  2.3317439e-002
  6.0324397e-001 -1.9328923e-002
  6.0176090e-001  3.4486007e-002
  6.0316055e-001  6.8914800e-002
  5.9269006e-001  8.3551697e-002
  5.9373736e-001  1.1359211e-001
  6.0396192e-001  1.0834873e-001
  5.9034475e-001  1.1579692e-001
  6.0155290e-001  1.4121174e-001
  6.0639871e-001  1.7570514e-001
  5.9552059e-001  1.8163197e-001
  5.9512622e-001  1.7324949e-001
  5.8872094e-001  1.7031477e-001
  5.9016263e-001  2.0901377e-001
  5.8964116e-001  2.3313592e-001
  6.0272896e-001  2.3321212e-001
  6.0492189e-001  2.4724991e-001
  6.0753347e-001  2.4474526e-001
  5.8957113e-001  2.2107000e-001
  5.9105302e-001  2.3819462e-001
  5.9729202e-001  2.5546972e-001
  6.0634695e-001  2.4346525e-001
  5.9779349e-001  2.6417291e-001
  5.9192741e-001  2.4961769e-001
  5.8863088e-001  2.7967648e-001
  6.0060066e-001  2.8861468e-001
  5.9566150e-001  2.5903117e-001
  5.9201809e-001  2.8894950e-001
  5.8856168e-001  2.9187271e-001
  5.9693066e-001  2.8074739e-001
  5.9901030e-001  2.7687779e-001
  6.0219162e-001  2.7128926e-001
  6.0701046e-001  2.8950532e-001
  5.9765581e-001  2.8275657e-001
  5.9507481e-001  3.0080126e-001
  6.0270243e-001  2.7347284e-001
  5.9614771e-001  2.7282312e-001
  5.9998020e-001  3.1890848e-001
  6.0429074e-001  2.8988371e-001
  5.8962274e-001  2.9782537e-001
  5.9770041e-001  2.9604209e-001
  6.0390504e-001  2.8926629e-001
  5.9520430e-001  3.2371740e-001
  5.9030900e-001  3.1432175e-001
  6.0213853e-001  2.8607345e-001
  5.8957447e-001  3.1715418e-001
  6.0281142e-001  3.2285016e-001
  6.0167140e-001  2.8170708e-001
  6.0515987e-001  3.2630171e-001
  6.0452365e-001  3.1582783e-001
  5.9415805e-001  3.2656830e-001
  5.8962529e-001  3.1085332e-001
  6.0146151e-001  3.2088092e-001
  5.8929913e-001  2.9339000e-001
  5.9780858e-001  3.3165253e-001
  5.9634921e-001  2.8516584e-001
  5.9325069e-001  2.8862877e-001
  6.0156208e-001  3.1269698e-001
  5.9900037e-001  2.8615149e-001
  5.9766168e-001  3.1430643e-001
  5.8862542e-001  3.2870872e-001
  6.0585808e-001  3.3024401e-001
  5.9316153e-001  3.1538599e-001
  6.0142894e-001  3.3090277e-001
  5.8859024e-001  3.2257372e-001
  5.9408639e-001  3.2017994e-001
  5.8801323e-001  3.2360557e-001
  5.8979252e-001  3.2540711e-001
  5.9189659e-001  3.2663147e-001
 -3.8113101e-001  3.1884058e-001
 -3.8590731e-001  3.1385461e-001
 -3.9233106e-001  2.9075507e-001
 -3.7978438e-001  2.7233290e-001
 -3.9836369e-001  2.2826694e-001
 -3.8939956e-001  2.2789860e-001
 -3.8354855e-001  2.1612159e-001
 -3.8504569e-001  2.2770181e-001
 -3.8770091e-001  2.1927683e-001
 -3.9739743e-001  1.7246501e-001
 -3.8871808e-001  1.9450476e-001
 -3.8188622e-001  1.5820851e-001
 -3.9454594e-001  1.5076764e-001
 -3.9173852e-001  1.6760432e-001
 -3.9455806e-001  1.6219949e-001
 -3.9121545e-001  1.5426270e-001
 -3.8624231e-001  1.1144181e-001
 -3.8118865e-001  1.0391282e-001
 -3.9607311e-001  1.3435690e-001
 -3.8168687e-001  1.0837496e-001
 -3.8593663e-001  1.3092654e-001
 -3.8522661e-001  1.2024088e-001
 -3.9182477e-001  9.4217174e-002
 -3.8316572e-001  8.3785629e-002
 -3.8718751e-001  9.0416158e-002
 -3.8301853e-001  8.5497141e-002
 -3.9795336e-001  1.0733113e-001
 -3.9913219e-001  7.2897897e-002
 -3.9943581e-001  7.0515933e-002
 -3.8353040e-001  9.0970522e-002
 -3.9770932e-001  7.8203193e-002
 -3.9295232e-001  5.7730271e-002
 -3.9142981e-001  7.5031851e-002
 -3.7981619e-001  9.2194280e-002
 -3.8001581e-001  7.1181522e-002
 -3.9527388e-001  9.5330614e-002
 -3.9224920e-001  5.8510391e-002
 -3.9581199e-001  9.3197603e-002
 -3.9607173e-001  6.9655527e-002
 -3.8728919e-001  8.8022147e-002
 -3.8078396e-001  8.1188805e-002
 -3.9646557e-001  8.3024201e-002
 -3.8271777e-001  6.2275918e-002
 -3.8483632e-001  7.3654864e-002
 -3.9196216e-001  8.0485060e-002
 -3.9443899e-001  7.9905270e-002
 -3.8396678e-001  3.9582743e-002
 -3.9316903e-001  4.3583643e-002
 -3.9207317e-001  8.1319554e-002
 -3.8061548e-001  4.0371699e-002
 -3.9085519e-001  3.7941567e-002
 -3.8974582e-001  4.6268974e-002
 -3.9847753e-001  4.0488430e-002
 -3.9346743e-001  7.2099110e-002
 -3.9708962e-001  4.5775806e-002
 -3.9925576e-001  7.6372865e-002
 -3.9695350e-001  6.1655136e-002
 -3.9364565e-001  7.3197631e-002
 -3.9499570e-001  6.3186256e-002
 -3.8671808e-001  3.5992311e-002
 -3.9208147e-001  5.0392330e-002
 -3.8474333e-001  4.1510495e-002
 -3.9616670e-001  6.6309956e-002
 -3.8347930e-001  6.5289541e-002
 -3.9931229e-001  6.9141538e-002
 -3.8775488e-001  3.8004964e-002
 -3.9364801e-001  8.1077513e-002
 -3.9644431e-001  6.6874422e-002
 -3.9928561e-001  7.4308014e-002
 -2.4057454e-001  6.2322361e-002
 -2.4270261e-001  5.3536141e-002
 -2.4166527e-001  7.1315478e-002
 -2.3752321e-001  7.2085945e-002
 -2.5088650e-001  2.2769820e-002
 -2.5156855e-001  4.7972136e-002
 -2.3937954e-001  3.2078386e-002
 -2.4878547e-001  3.7842762e-002
 -2.4750963e-001  3.2729802e-002
 -2.4248126e-001  7.5248548e-003
 -2.5404293e-001  3.4046990e-002
 -2.4871163e-001  1.3831328e-002
 -2.5237092e-001  8.7614220e-003
 -2.5363475e-001 -8.7794763e-003
 -2.3838561e-001  1.8271358e-002
 -2.4555180e-001  3.2087047e-003
 -2.5088412e-001 -2.9211868e-003
 -2.5459377e-001  2.6135149e-002
 -2.4310177e-001  1.8409351e-002
 -2.3786919e-001 -4.3905931e-004
 -2.5602552e-001  2.4843668e-003
 -2.4284439e-001 -1.5357684e-002
 -2.3970011e-001  7.7927309e-003
 -2.4222189e-001  7.2263328e-003
 -2.3771333e-001  2.2660939e-003
 -2.3823423e-001  2.1991240e-002
 -2.5361667e-001 -1.1342297e-003
 -2.4284302e-001  1.0409434e-002
 -2.4529312e-001  1.0048424e-002
 -2.4966196e-001  2.2208335e-002
 -2.4696782e-001 -3.9112573e-003
 -2.4041552e-001 -8.6626741e-003
 -2.5265702e-001 -2.3472328e-002
 -2.3792342e-001 -2.6803202e-002
 -2.4425657e-001 -1.1975915e-002
 -2.4553934e-001  1.3413684e-003
 -2.4818117e-001 -3.2908086e-003
 -2.4506931e-001 -2.6906462e-002
 -2.5090292e-001  1.6342588e-002
 -2.3965456e-001 -3.0746172e-002
 -2.5037202e-001  3.9826712e-004
 -2.5082630e-001  1.5128529e-002
 -2.4188224e-001 -6.2253290e-003
 -2.5187868e-001  6.5890668e-003
 -2.5445110e-001 -4.6765719e-003
 -2.4550162e-001 -2.0507696e-002
 -2.5439577e-001 -1.3975759e-002
 -2.4643911e-001 -1.2380803e-002
 -2.4622209e-001  5.9104697e-003
 -2.5173724e-001 -2.2275405e-002
 -2.4533748e-001 -1.9817605e-002
 -2.5236610e-001  1.2733727e-002
 -2.5144052e-001  4.5014143e-004
 -2.4574143e-001  5.4031476e-003
 -2.4805438e-001 -2.5856334e-002
 -2.4017056e-001 -7.1165550e-003
 -2.5632309e-001 -2.1594947e-002
 -2.5314987e-001 -1.4562579e-002
 -2.5663489e-001  1.3526861e-002
 -2.4580883e-001 -3.3668327e-003
 -2.5598478e-001 -2.5327038e-002
 -2.5033750e-001 -1.0786170e-002
 -2.4789189e-001 -1.7412274e-002
 -2.3955749e-001 -1.5940653e-002
 -2.4326979e-001  5.1632369e-003
 -2.5242611e-001  8.8750520e-004
 -2.4728779e-001 -2.2386516e-002
 -2.4392386e-001  1.5244581e-002
 -2.5292926e-001 -2.3372396e-002
 -9.5089541e-001 -1.1680599e-002
 -9.5204180e-001 -1.0411568e-002
 -9.6814719e-001  5.5161783e-002
 -9.5169259e-001  1.7828394e-001
 -9.6220181e-001  2.4315602e-001
 -9.6572942e-001  2.8072689e-001
 -9.6994103e-001  3.7317489e-001
 -9.5826696e-001  4.1614938e-001
 -9.5212922e-001  4.4168142e-001
 -9.5754985e-001  5.1904208e-001
 -9.5793357e-001  5.3115545e-001
 -9.6606375e-001  5.8109690e-001
 -9.5942254e-001  6.1783508e-001
 -9.6107062e-001  6.4053739e-001
 -9.5876581e-001  6.8703005e-001
 -9.5992696e-001  7.0528701e-001
 -9.5556392e-001  7.1595175e-001
 -9.5809977e-001  7.3774516e-001
 -9.5897451e-001  7.6967715e-001
 -9.6395996e-001  8.1255214e-001
 -9.5887444e-001  8.3645252e-001
 -9.6951891e-001  8.4927570e-001
 -9.6747971e-001  8.6597607e-001
 -9.5953209e-001  8.8657232e-001
 -9.5316438e-001  8.6383025e-001
 -9.6710475e-001  8.6742394e-001
 -9.6174242e-001  8.8490089e-001
 -9.6635707e-001  9.3242475e-001
 -9.5645434e-001  9.3803320e-001
 -9.6541740e-001  9.3218300e-001
 -9.6878245e-001  9.5768002e-001
 -9.6861019e-001  9.4428309e-001
 -9.5071321e-001  9.4086260e-001
 -9.5081781e-001  9.4358430e-001
 -9.5278934e-001  9.6607464e-001
 -9.5525338e-001  9.7083272e-001
 -9.6809854e-001  9.6000776e-001
 -9.5230707e-001  9.6818749e-001
 -9.6170844e-001  9.8387953e-001
 -9.5393617e-001  9.7001662e-001
 -9.6866839e-001  9.6300788e-001
 -9.6454510e-001  9.7682707e-001
 -9.6364825e-001  1.0006629e+000
 -9.6531087e-001  1.0109913e+000
 -9.5515933e-001  9.6994870e-001
 -9.6015182e-001  1.0128875e+000
 -9.6484718e-001  1.0098608e+000
 -9.6108272e-001  1.0084899e+000
 -9.5650588e-001  9.8719327e-001
 -9.6289412e-001  1.0090247e+000
 -9.5683279e-001  9.8059276e-001
 -9.6216596e-001  1.0260215e+000
 -9.7033834e-001  1.0230320e+000
 -9.5155057e-001  1.0213450e+000
 -9.5385512e-001  1.0124462e+000
 -9.5307601e-001  1.0150215e+000
 -9.5322615e-001  1.0046971e+000
 -9.6004371e-001  1.0238825e+000
 -9.5736344e-001  1.0139798e+000
 -9.6804138e-001  1.0277013e+000
 -9.5624565e-001  9.8726742e-001
 -9.5480175e-001  1.0174907e+000
 -9.6068373e-001  1.0333578e+000
 -9.5263980e-001  9.8972894e-001
 -9.6736327e-001  9.9401651e-001
 -9.5529320e-001  1.0188113e+000
 -9.6661354e-001  9.9862082e-001
 -9.5663865e-001  1.0245638e+000
 -9.5115367e-001  1.0012865e+000
  1.8086891e-001  1.0078818e+000
  1.9756361e-001  1.0115035e+000
  1.8118907e-001  9.1109406e-001
  1.8959207e-001  8.7384487e-001
  1.8652581e-001  8.0275554e-001
  1.8407354e-001  7.6112428e-001
  1.9486813e-001  6.7530045e-001
  1.9067716e-001  6.1143068e-001
  1.8525671e-001  5.9130775e-001
  1.8125709e-001  5.4786496e-001
  1.8993147e-001  5.2257330e-001
  1.8630865e-001  4.8115886e-001
  1.9464061e-001  4.6474762e-001
  1.8102810e-001  4.2028942e-001
  1.9020375e-001  3.8596416e-001
  1.9312098e-001  3.6494302e-001
  1.9465210e-001  3.5910801e-001
  1.8795293e-001  2.9586222e-001
  1.8439918e-001  2.8633433e-001
  1.8327998e-001  2.7086570e-001
  1.8582389e-001  2.7242006e-001
  1.8741699e-001  2.6164999e-001
  1.8612874e-001  2.2046188e-001
  1.8455212e-001  2.0843357e-001
  1.9120087e-001  2.3294916e-001
  1.9244047e-001  2.2237051e-001
  1.8892797e-001  1.7000006e-001
  1.8546720e-001  2.0413210e-001
  1.9190403e-001  1.8823804e-001
  1.9726610e-001  1.7044699e-001
  1.9693265e-001  1.4734423e-001
  1.9607128e-001  1.6359454e-001
  1.9517211e-001  1.2293086e-001
  1.9005880e-001  1.5349825e-001
  1.7965041e-001  1.5841991e-001
  1.8734006e-001  1.3318475e-001
  1.9703796e-001  1.3617451e-001
  1.7980490e-001  1.2771353e-001
  1.8168688e-001  1.3934994e-001
  1.8327139e-001  1.0761887e-001
  1.9227131e-001  9.0483880e-002
  1.8899630e-001  1.0868940e-001
  1.8394260e-001  9.6661584e-002
  1.8998019e-001  1.0514992e-001
  1.9307471e-001  1.0744875e-001
  1.9433026e-001  1.0845995e-001
  1.9581142e-001  1.1234411e-001
  1.9785402e-001  7.6652616e-002
  1.9660454e-001  7.9462414e-002
  1.8994939e-001  1.0505957e-001
  1.8296164e-001  1.1528735e-001
  1.9035730e-001  8.2293170e-002
  1.9733233e-001  9.1283251e-002
  1.9044004e-001  1.1819350e-001
  1.8576264e-001  7.6820872e-002
  1.9078261e-001  1.0300131e-001
  1.8930712e-001  6.8013136e-002
  1.8396325e-001  7.3709958e-002
  1.9939071e-001  9.8172633e-002
  1.9927962e-001  9.5097210e-002
  1.9606264e-001  9.7179013e-002
  1.9487625e-001  8.6248533e-002
  1.9559229e-001  7.3206401e-002
  1.9219260e-001  7.3326977e-002
  1.8227568e-001  8.0029882e-002
  1.9767474e-001  9.7502725e-002
  1.8483961e-001  6.7035959e-002
  1.9928899e-001  9.0436270e-002
  1.8862107e-001  1.0323369e-001
  5.3010968e-002  6.4131071e-002
  5.3508630e-002  6.4432273e-002
  4.1380813e-002  6.1058871e-002
  4.1157267e-002  5.2151678e-002
  4.5847448e-002  5.9545421e-002
  4.1783888e-002  5.2429719e-002
  5.2942908e-002  8.2649418e-002
  4.7246773e-002  5.1802072e-002
  5.1579960e-002  6.0892900e-002
  4.0365055e-002  5.1084449e-002
  4.1797318e-002  5.9308857e-002
  5.5315311e-002  6.8701449e-002
  4.1307292e-002  2.8230064e-002
  5.0602479e-002  4.5932826e-002
  4.3802286e-002  5.1722682e-002
  5.5557501e-002  2.8595153e-002
  5.2213211e-002  4.7435040e-002
  5.8214911e-002  4.0902231e-002
  5.6724791e-002  5.2965679e-002
  5.3669411e-002  2.7397161e-002
  5.2728462e-002  1.9757377e-002
  6.0072451e-002  5.1487497e-002
  5.1869731e-002  1.9691979e-002
  5.0096358e-002  5.2270849e-002
  5.3539794e-002  5.0181552e-002
  5.6487878e-002  3.8646591e-002
  4.3245091e-002  7.8894384e-003
  4.2427758e-002  4.0047750e-002
  5.9925832e-002  4.7744379e-002
  5.6818739e-002  1.8325873e-002
  5.4752956e-002  3.3071831e-003
  4.3915419e-002  2.4859702e-002
  4.1728171e-002  2.8780695e-002
  4.2000614e-002  3.6070470e-002
  5.6115561e-002 -9.1693727e-004
  4.6468061e-002  1.4253256e-002
  5.3561872e-002  3.9766252e-002
  5.6203156e-002  2.9821446e-002
  5.2644032e-002  2.3471809e-002
  5.1546717e-002  4.1762107e-002
  5.7005091e-002  9.8884613e-003
  4.9405371e-002  3.4345703e-002
  4.3891457e-002  1.3815986e-002
  4.0504245e-002  4.1302974e-002
  5.8476984e-002  6.7957246e-003
  5.3492572e-002  2.2195785e-002
  4.7761311e-002  3.7333088e-002
  5.2677038e-002  2.7583745e-002
  4.3555421e-002  5.8916705e-003
  4.3109508e-002  2.2758555e-002
  4.2939355e-002  1.1972998e-002
  5.9484877e-002  4.2724949e-002
  5.2515964e-002  2.8721767e-002
  4.6702575e-002 -4.0567770e-003
  4.6028820e-002  1.5351384e-002
  4.2321333e-002  3.0378373e-002
  5.4388909e-002 -2.3769293e-003
  5.7602504e-002  7.2059787e-003
  4.0506757e-002  1.5387711e-002
  5.3816614e-002  3.6521261e-002
  4.3718376e-002  3.4750526e-002
  5.1686951e-002  2.1439105e-002
  5.5449232e-002  3.1648935e-002
  4.3489719e-002  2.3733496e-002
  5.0283859e-002  9.6894897e-003
  4.1685606e-002 -4.6701192e-003
  4.2774211e-002  3.0963904e-002
  5.3484995e-002  1.1396211e-002
  4.9998882e-002 -2.4465865e-003
 -9.6277939e-001  2.3289708e-002
 -9.6553884e-001  4.8165284e-003
 -9.6974202e-001  1.2520093e-001
 -9.5871109e-001  1.9831397e-001
 -9.7246242e-001  2.4617644e-001
 -9.6932658e-001  2.9233648e-001
 -9.6939975e-001  3.8702137e-001
 -9.5420352e-001  4.2642651e-001
 -9.5855602e-001  4.9067607e-001
 -9.6951801e-001  4.9713558e-001
 -9.6629890e-001  5.7029982e-001
 -9.5890718e-001  5.9323605e-001
 -9.6368284e-001  6.5563823e-001
 -9.7222575e-001  6.8548813e-001
 -9.6593380e-001  6.7969333e-001
 -9.5705422e-001  7.1194978e-001
 -9.6444438e-001  7.6338462e-001
 -9.5785234e-001  7.6949269e-001
 -9.6417501e-001  8.0662308e-001
 -9.5903024e-001  8.2653579e-001
 -9.5461435e-001  8.1800841e-001
 -9.5718108e-001  8.6330951e-001
 -9.6348918e-001  8.8476508e-001
 -9.6394132e-001  8.8843509e-001
 -9.7262987e-001  8.6802990e-001
 -9.5557141e-001  8.9969540e-001
 -9.6410806e-001  8.9671986e-001
 -9.5848442e-001  9.3564553e-001
 -9.6552145e-001  9.3860254e-001
 -9.5709361e-001  9.4611972e-001
 -9.6062144e-001  9.6323324e-001
 -9.6188316e-001  9.5098944e-001
 -9.6038103e-001  9.3376613e-001
 -9.6997149e-001  9.6406506e-001
 -9.5908638e-001  9.8618661e-001
 -9.6305638e-001  9.9234359e-001
 -9.5803320e-001  9.8127569e-001
 -9.6521006e-001  9.9512640e-001
 -9.6280809e-001  9.8256225e-001
 -9.5823593e-001  9.6655764e-001
 -9.5296982e-001  1.0005509e+000
 -9.5608093e-001  1.0003622e+000
 -9.5279499e-001  9.8198107e-001
 -9.5327701e-001  9.9277677e-001
 -9.6053099e-001  1.0146886e+000
 -9.6772626e-001  9.9205740e-001
 -9.5354613e-001  1.0243554e+000
 -9.5362707e-001  9.8655460e-001
 -9.5948670e-001  9.9891890e-001
 -9.6454446e-001  1.0212481e+000
 -9.7084143e-001  9.9753350e-001
 -9.7063127e-001  9.8727582e-001
 -9.5349786e-001  1.0262730e+000
 -9.5418464e-001  1.0180370e+000
 -9.5572305e-001  1.0337229e+000
 -9.7242871e-001  9.9797327e-001
 -9.6302206e-001  1.0176883e+000
 -9.6145670e-001  9.9253863e-001
 -9.5849755e-001  1.0307909e+000
 -9.6648931e-001  1.0267261e+000
 -9.5986492e-001  1.0083950e+000
 -9.6428240e-001  9.9898250e-001
 -9.6007899e-001  1.0342388e+000
 -9.6788738e-001  9.9327683e-001
 -9.5745409e-001  1.0165865e+000
 -9.6312086e-001  1.0032855e+000
 -9.6587268e-001  1.0059113e+000
 -9.7007262e-001  9.9574412e-001
 -9.6007687e-001  9.9409745e-001
 -2.2943314e-001  1.0313020e+000
 -2.3790605e-001  1.0249423e+000
 -2.2834916e-001  9.3445661e-001
 -2.3853818e-001  8.7015271e-001
 -2.3825835e-001  7.6957349e-001
 -2.2671943e-001  7.3033402e-001
 -2.2437027e-001  6.6463341e-001
 -2.3392883e-001  5.7459117e-001
 -2.2320473e-001  5.7057859e-001
 -2.3374091e-001  4.9625062e-001
 -2.2523010e-001  4.3539538e-001
 -2.3570087e-001  4.1502516e-001
 -2.2804441e-001  3.7621181e-001
 -2.3438932e-001  3.5846971e-001
 -2.2844184e-001  3.2171359e-001
 -2.2852115e-001  3.1252734e-001
 -2.2801905e-001  2.8273098e-001
 -2.2230082e-001  2.2630732e-001
 -2.2302603e-001  2.1208155e-001
 -2.2651094e-001  1.8520465e-001
 -2.1995786e-001  1.7730643e-001
 -2.2549641e-001  1.4585592e-001
 -2.3680179e-001  1.6568963e-001
 -2.3712820e-001  1.6380060e-001
 -2.2272266e-001  1.3627065e-001
 -2.3010838e-001  1.0536518e-001
 -2.3387399e-001  9.6052193e-002
 -2.2352258e-001  1.1070292e-001
 -2.2730840e-001  7.0187940e-002
 -2.2536995e-001  6.5749932e-002
 -2.3571927e-001  6.3886479e-002
 -2.2616177e-001  6.7640343e-002
 -2.2771712e-001  4.5220996e-002
 -2.1991612e-001  2.5679755e-002
 -2.3858646e-001  6.0300696e-002
 -2.3691956e-001  1.5733551e-002
 -2.2558771e-001  2.0931136e-002
 -2.2942180e-001  3.3466540e-002
 -2.3157736e-001  1.3394191e-002
 -2.2868856e-001  4.7765111e-002
 -2.3374064e-001  2.1762407e-002
 -2.3249237e-001 -3.7748957e-003
 -2.3696767e-001  3.8174676e-002
 -2.2055716e-001  3.7667577e-003
 -2.2723800e-001  1.0729485e-002
 -2.3598030e-001  1.2445390e-002
 -2.2862303e-001  2.7441441e-002
 -2.2887686e-001  1.5767205e-002
 -2.3003759e-001  9.5930378e-003
 -2.3064308e-001 -2.0856426e-002
 -2.2963274e-001  4.0860832e-003
 -2.2351825e-001  1.8004154e-003
 -2.2964309e-001  1.3362036e-002
 -2.3855678e-001 -1.7497740e-002
 -2.3358403e-001 -2.8021447e-003
 -2.2882943e-001  9.1185233e-003
 -2.2610899e-001 -2.6889923e-002
 -2.3301897e-001 -1.6112668e-002
 -2.3200863e-001 -8.6152070e-003
 -2.3633019e-001  3.0754310e-003
 -2.2320991e-001 -2.6610362e-002
 -2.2917736e-001  1.4805101e-002
 -2.2650325e-001 -2.7173553e-002
 -2.2755784e-001 -1.3935807e-002
 -2.2479400e-001 -1.6580937e-002
 -2.2820395e-001 -1.9782633e-002
 -2.3569618e-001 -3.8889938e-003
 -2.3106701e-001  3.2163949e-003
 -2.3450085e-001 -2.2217609e-002
 -3.1799391e-001 -1.5344827e-002
 -3.1410620e-001  9.9765314e-003
 -3.1370659e-001 -3.0881496e-002
 -3.1503245e-001  1.4305527e-002
 -3.0208730e-001 -2.7583578e-002
 -3.0657556e-001  9.3765980e-003
 -3.0446879e-001 -6.1956390e-004
 -3.0800331e-001 -2.5453150e-002
 -3.1105717e-001  2.0271647e-002
 -3.0877050e-001 -2.0457555e-002
 -3.1198488e-001 -7.4056398e-003
 -3.0579746e-001  2.3486362e-002
 -3.0008519e-001 -1.9003530e-002
 -3.0580706e-001  1.4067899e-002
 -3.0615738e-001 -6.1082977e-003
 -3.0397462e-001 -1.0091080e-002
 -3.0693864e-001  1.7222190e-002
 -3.0087002e-001  1.7294059e-003
 -3.0568564e-001  2.4140210e-003
 -3.1337004e-001  1.0639817e-002
 -3.1632897e-001  8.1819645e-003
 -3.0018831e-001  1.2845933e-002
 -3.1798961e-001  8.3109411e-003
 -3.1151030e-001 -8.9933863e-003
 -3.0735041e-001  2.5702523e-002
 -3.0921834e-001 -1.3259679e-002
 -3.0816069e-001 -2.6918276e-003
 -3.0946029e-001 -1.8763889e-003
 -3.0406690e-001  3.0724470e-002
 -3.0519618e-001  1.1019546e-002
 -2.9874179e-001  3.8705020e-003
 -2.9921243e-001  3.2327771e-002
 -3.0946957e-001  1.1150078e-002
 -3.1708997e-001  1.1718521e-002
 -3.0097187e-001  1.1219212e-002
 -3.1447103e-001  2.0973648e-002
 -2.9934906e-001 -1.5413407e-003
 -3.0011910e-001  1.6613124e-002
 -3.1079256e-001  1.3671183e-002
 -3.1800580e-001  1.4710150e-002
 -3.0553629e-001  1.3050667e-002
 -3.0276973e-001  1.8442264e-002
 -2.9948898e-001  2.2206198e-002
 -3.0750544e-001  3.1493367e-002
 -3.0552295e-001  7.8475604e-003
 -3.1415292e-001  1.7965983e-002
 -3.0859646e-001 -1.8274191e-004
 -3.0607859e-001  1.2954901e-002
 -3.1166703e-001  3.0562980e-002
 -3.0695019e-001 -9.3586017e-003
 -3.1553052e-001  2.2228353e-002
 -3.1702568e-001  2.2327623e-004
 -3.0686804e-001 -5.8698819e-003
 -3.1136293e-001 -7.0829838e-003
 -3.1435606e-001  1.6457487e-002
 -3.1721519e-001  2.3466255e-002
 -3.0907127e-001  1.6068679e-002
 -3.0412093e-001 -7.5474942e-003
 -3.1365173e-001  4.2822607e-005
 -3.1486038e-001  1.9759009e-002
 -3.1757874e-001  3.5429603e-002
 -3.0989256e-001  2.3206432e-002
 -3.1401564e-001  8.2533740e-003
 -3.0982042e-001 -4.3663057e-003
 -3.0371508e-001 -4.3310739e-003
 -3.1432199e-001  2.0828343e-002
 -3.0636664e-001 -1.0180906e-002
 -3.1196958e-001  7.5882588e-003
 -3.1642875e-001  2.2311462e-002
 -7.5991279e-001  3.5726298e-002
 -7.7482769e-001  9.1577471e-003
 -7.6375023e-001  4.5969397e-002
 -7.6071132e-001  1.1966216e-001
 -7.7599738e-001  1.2408647e-001
 -7.7124368e-001  1.7943971e-001
 -7.5671045e-001  1.9879276e-001
 -7.6279905e-001  2.5652945e-001
 -7.7019526e-001  2.7578818e-001
 -7.6481461e-001  2.8758186e-001
 -7.7118388e-001  3.2505029e-001
 -7.7512384e-001  3.3761271e-001
 -7.7245795e-001  3.6987789e-001
 -7.6844376e-001  3.8575018e-001
 -7.5781190e-001  3.7838051e-001
 -7.7214248e-001  4.1552336e-001
 -7.7508263e-001  3.9099476e-001
 -7.6891129e-001  3.9852416e-001
 -7.5951204e-001  4.4438246e-001
 -7.5646347e-001  4.2433267e-001
 -7.7224256e-001  4.7319219e-001
 -7.6186088e-001  4.7657456e-001
 -7.5653914e-001  4.7989761e-001
 -7.5679761e-001  4.7407449e-001
 -7.7451905e-001  5.0738267e-001
 -7.7479190e-001  4.9023287e-001
 -7.6683953e-001  5.1090147e-001
 -7.6285150e-001  5.0059612e-001
 -7.7394309e-001  5.0204876e-001
 -7.7570798e-001  4.9196422e-001
 -7.7261049e-001  5.0999997e-001
 -7.5946751e-001  5.2422740e-001
 -7.7275640e-001  5.2668957e-001
 -7.6963285e-001  5.4538812e-001
 -7.6829815e-001  5.4279612e-001
 -7.6290502e-001  5.2168369e-001
 -7.6768536e-001  5.3678895e-001
 -7.6439589e-001  5.4307957e-001
 -7.7236536e-001  5.1532971e-001
 -7.6878118e-001  5.4269175e-001
 -7.6839996e-001  5.3947496e-001
 -7.6604982e-001  5.2782191e-001
 -7.5985718e-001  5.6363974e-001
 -7.7452735e-001  5.2061914e-001
 -7.7215863e-001  5.4060809e-001
 -7.6107768e-001  5.6681764e-001
 -7.5872409e-001  5.3010088e-001
 -7.5851576e-001  5.4011459e-001
 -7.5735120e-001  5.4621307e-001
 -7.6021328e-001  5.2626658e-001
 -7.5865770e-001  5.3603825e-001
 -7.7334334e-001  5.7537734e-001
 -7.5685489e-001  5.3256684e-001
 -7.6777683e-001  5.5469896e-001
 -7.7305335e-001  5.5593186e-001
 -7.7323549e-001  5.5671634e-001
 -7.6521016e-001  5.7409924e-001
 -7.7250031e-001  5.4749012e-001
 -7.7029712e-001  5.7591973e-001
 -7.6165062e-001  5.5077175e-001
 -7.5703626e-001  5.6803797e-001
 -7.6362471e-001  5.7987051e-001
 -7.7204542e-001  5.5229405e-001
 -7.7361822e-001  5.6082133e-001
 -7.7552128e-001  5.3772289e-001
 -7.6924396e-001  5.8017010e-001
 -7.7255477e-001  5.7748341e-001
 -7.7572756e-001  5.3233360e-001
 -7.6298398e-001  5.6309257e-001
  4.4363590e-002  5.7992302e-001
  5.1237412e-002  5.7695964e-001
  3.5767329e-002  5.2591742e-001
  4.1311205e-002  4.6686429e-001
  4.2742950e-002  4.4327185e-001
  4.0825219e-002  3.7652244e-001
  4.5776964e-002  3.7077475e-001
  4.3639713e-002  3.4323667e-001
  4.9613232e-002  3.0394439e-001
  4.8381252e-002  2.8520158e-001
  4.8890380e-002  2.5771068e-001
  4.4208199e-002  2.1718736e-001
  4.3920580e-002  2.3538002e-001
  4.4580382e-002  1.9941293e-001
  4.2164956e-002  1.9955868e-001
  5.2764166e-002  1.5806513e-001
  4.7487065e-002  1.4252501e-001
  5.1512731e-002  1.2736420e-001
  4.7408932e-002  1.4008360e-001
  3.7607773e-002  1.1057625e-001
  3.6861892e-002  1.1198017e-001
  4.0810554e-002  1.2758983e-001
  4.1251242e-002  8.4040800e-002
  4.9080349e-002  8.0304571e-002
  4.9566806e-002  7.4010659e-002
  4.3588099e-002  6.9565359e-002
  4.9349715e-002  8.0045812e-002
  5.0922686e-002  8.8800856e-002
  5.3766012e-002  6.9633224e-002
  4.7111074e-002  4.9825777e-002
  3.5516120e-002  4.3710081e-002
  3.6701338e-002  5.9322368e-002
  4.9877337e-002  5.3463652e-002
  4.0787766e-002  3.0545060e-002
  5.2478305e-002  2.3079290e-002
  5.1050164e-002  4.2391263e-002
  3.8517828e-002  4.9970066e-002
  5.2134649e-002  1.7351542e-002
  3.9491343e-002  5.9368472e-002
  5.0753378e-002  2.3922472e-002
  5.3127992e-002  4.3168169e-002
  3.7948526e-002  1.3740976e-002
  4.2085929e-002  5.2152305e-002
  4.7528444e-002  4.0349363e-002
  4.4049567e-002  4.0328512e-002
  3.6700002e-002  2.2400542e-002
  4.8384966e-002  1.4491090e-002
  4.0184346e-002  1.3986577e-002
  4.7721822e-002  4.0808893e-002
  5.1212638e-002  8.7329852e-003
  4.6767972e-002  1.6994085e-002
  3.5856936e-002  4.4085934e-002
  4.5898800e-002  4.5747522e-002
  5.3642870e-002  1.4477049e-002
  4.1357956e-002 -4.1407439e-003
  5.0996177e-002  1.5607785e-003
  3.6085930e-002  2.5430604e-002
  4.5804247e-002  8.9103238e-003
  5.3534548e-002  3.4449533e-002
  4.4553020e-002  3.3043676e-003
  4.1443520e-002  2.7932961e-002
  4.4639001e-002  2.8609205e-002
  4.5174929e-002  2.6766922e-002
  5.3112869e-002  2.4838323e-002
  3.9408698e-002  3.6508404e-002
  4.7596323e-002 -5.4007835e-003
  4.6219564e-002 -6.5892849e-003
  3.9420434e-002 -7.2418904e-003
  3.8226150e-002  1.2726330e-002
  7.6199326e-001  3.0774662e-002
  7.7157762e-001  3.8951576e-002
  7.7417114e-001  4.0945427e-002
  7.6761710e-001  4.8513077e-002
  7.6438444e-001  1.1367564e-001
  7.6432678e-001  1.3174007e-001
  7.6193494e-001  1.2969861e-001
  7.6560033e-001  1.4858974e-001
  7.7255387e-001  1.7361626e-001
  7.6913030e-001  2.0081874e-001
  7.6428443e-001  1.9416162e-001
  7.6839700e-001  2.1861389e-001
  7.7306193e-001  2.0228304e-001
  7.8027519e-001  2.3991899e-001
  7.8084187e-001  2.3948457e-001
  7.6241655e-001  2.2816592e-001
  7.6565410e-001  2.5602264e-001
  7.6652978e-001  2.6738579e-001
  7.7721659e-001  2.6635803e-001
  7.8053367e-001  2.6547916e-001
  7.6102006e-001  2.8041116e-001
  7.7046532e-001  2.8878118e-001
  7.7051735e-001  3.1017434e-001
  7.6360414e-001  2.7870855e-001
  7.6834663e-001  2.9282786e-001
  7.7070923e-001  3.1742389e-001
  7.7709119e-001  3.0629414e-001
  7.7466763e-001  2.9440800e-001
  7.6143669e-001  3.2631398e-001
  7.6368392e-001  3.3263812e-001
  7.7376402e-001  2.9410865e-001
  7.6931940e-001  3.1419353e-001
  7.6250685e-001  3.0135106e-001
  7.7833566e-001  3.4662346e-001
  7.6808195e-001  3.1552983e-001
  7.7832887e-001  3.3459562e-001
  7.6765220e-001  3.2834210e-001
  7.7492619e-001  3.5321187e-001
  7.7392352e-001  3.1715445e-001
  7.7225483e-001  3.4416700e-001
  7.7955627e-001  3.4016998e-001
  7.7279949e-001  3.0998688e-001
  7.6925102e-001  3.0898923e-001
  7.7145058e-001  3.1616284e-001
  7.7858174e-001  3.3139650e-001
  7.7024125e-001  3.6007338e-001
  7.6972506e-001  3.5492873e-001
  7.7289462e-001  3.4013805e-001
  7.6251683e-001  3.4515573e-001
  7.6173350e-001  3.3410207e-001
  7.6689956e-001  3.2092871e-001
  7.7615534e-001  3.5252971e-001
  7.7637692e-001  3.5020906e-001
  7.6281040e-001  3.2546057e-001
  7.6712588e-001  3.3718571e-001
  7.6511319e-001  3.2638679e-001
  7.6125462e-001  3.6374508e-001
  7.7396643e-001  3.2013449e-001
  7.7513968e-001  3.3133849e-001
  7.7661949e-001  3.2496566e-001
  7.7796610e-001  3.4530211e-001
  7.7452046e-001  3.4525730e-001
  7.7473280e-001  3.2982345e-001
  7.7731017e-001  3.2312847e-001
  7.6108616e-001  3.5030704e-001
  7.7862517e-001  3.2842256e-001
  7.6996699e-001  3.1890838e-001
  7.7742781e-001  3.1906686e-001
  7.7758519e-001  3.6505500e-001
  9.5252099e-001  3.3695487e-001
  9.4058124e-001  3.4539451e-001
  9.3686190e-001  3.1171800e-001
  9.3516817e-001  3.0703964e-001
  9.5376639e-001  3.1298440e-001
  9.4971030e-001  3.4667735e-001
  9.5150343e-001  3.1134982e-001
  9.3790527e-001  2.9451517e-001
  9.4910940e-001  3.1932038e-001
  9.4904300e-001  3.2432392e-001
  9.4252627e-001  2.8812915e-001
  9.4646024e-001  3.2264279e-001
  9.4251015e-001  3.0118920e-001
  9.4747050e-001  3.1044103e-001
  9.4898477e-001  2.9543801e-001
  9.4248324e-001  2.9297942e-001
  9.4266384e-001  3.1529054e-001
  9.4206469e-001  2.7449578e-001
  9.5046206e-001  3.0079899e-001
  9.3727569e-001  2.9119833e-001
  9.4842322e-001  2.7509363e-001
  9.5322104e-001  3.0027867e-001
  9.5101813e-001  2.8362121e-001
  9.3922755e-001  2.7267416e-001
  9.4635504e-001  3.0821506e-001
  9.4707094e-001  2.9425889e-001
  9.4590090e-001  2.7281153e-001
  9.4183009e-001  2.9248302e-001
  9.3806471e-001  2.8830230e-001
  9.4038401e-001  2.9723821e-001
  9.4846311e-001  2.9787010e-001
  9.4595847e-001  2.9115308e-001
  9.4140546e-001  2.7412935e-001
  9.5203484e-001  2.5734146e-001
  9.4287988e-001  2.6187207e-001
  9.3944208e-001  3.0268038e-001
  9.3683223e-001  2.6503592e-001
  9.3750587e-001  2.9936697e-001
  9.4052609e-001  2.5772398e-001
  9.5169041e-001  2.9993835e-001
  9.4831038e-001  2.5339200e-001
  9.5390610e-001  2.8649543e-001
  9.5407361e-001  2.6485577e-001
  9.4374152e-001  2.6180355e-001
  9.4538027e-001  2.9705741e-001
  9.3622523e-001  2.6577095e-001
  9.5248266e-001  2.6442031e-001
  9.4151676e-001  2.7635462e-001
  9.4496198e-001  2.7998280e-001
  9.4712094e-001  2.5228884e-001
  9.4699918e-001  2.5383070e-001
  9.4114486e-001  3.0043766e-001
  9.4941034e-001  2.8080631e-001
  9.5064386e-001  2.9205218e-001
  9.5487745e-001  2.6865490e-001
  9.4478390e-001  2.8829502e-001
  9.4573317e-001  2.8101888e-001
  9.4866916e-001  2.9316751e-001
  9.3674972e-001  2.9665864e-001
  9.3724247e-001  2.7603766e-001
  9.4359568e-001  2.8863318e-001
  9.4139969e-001  2.8971651e-001
  9.5225170e-001  2.8101645e-001
  9.4548178e-001  2.8473040e-001
  9.4710822e-001  2.6770660e-001
  9.3915810e-001  2.5361359e-001
  9.5031284e-001  2.8173783e-001
  9.4022199e-001  2.9140682e-001
  9.4883382e-001  2.7206123e-001
  4.6571553e-001  2.5384765e-001
  4.6381293e-001  2.5437893e-001
  4.6778120e-001  2.5291525e-001
  4.7145852e-001  2.6866031e-001
  4.7102419e-001  2.8515818e-001
  4.6706520e-001  2.5328004e-001
  4.6770592e-001  2.7556250e-001
  4.6745955e-001  2.7016669e-001
  4.6635070e-001  2.7357322e-001
  4.5952260e-001  2.4693719e-001
  4.6333680e-001  2.5190283e-001
  4.6176575e-001  2.6483995e-001
  4.5429750e-001  2.5472778e-001
  4.6805128e-001  2.5602286e-001
  4.5459744e-001  2.4377096e-001
  4.5627302e-001  2.7681584e-001
  4.6931767e-001  2.6815993e-001
  4.6988690e-001  2.4494869e-001
  4.5768633e-001  2.5329743e-001
  4.5564127e-001  2.6717023e-001
  4.5475221e-001  2.3494956e-001
  4.5711253e-001  2.5641552e-001
  4.5935230e-001  2.3978349e-001
  4.5355661e-001  2.3073500e-001
  4.6842824e-001  2.5196852e-001
  4.5845964e-001  2.6002455e-001
  4.5892473e-001  2.5333485e-001
  4.5866900e-001  2.5112646e-001
  4.6414989e-001  2.4012120e-001
  4.6275542e-001  2.4834917e-001
  4.6802268e-001  2.6656353e-001
  4.7219228e-001  2.6894382e-001
  4.5544561e-001  2.3434304e-001
  4.6893391e-001  2.5592574e-001
  4.5380572e-001  2.3564053e-001
  4.7265005e-001  2.5468939e-001
  4.6320510e-001  2.6840796e-001
  4.5639540e-001  2.4821707e-001
  4.5404425e-001  2.4454212e-001
  4.5841461e-001  2.6997313e-001
  4.5411372e-001  2.2345431e-001
  4.6889973e-001  2.5647237e-001
  4.5687691e-001  2.5471498e-001
  4.6114743e-001  2.3764897e-001
  4.5500851e-001  2.3667735e-001
  4.6901036e-001  2.3121926e-001
  4.6005551e-001  2.5298079e-001
  4.7120013e-001  2.6900301e-001
  4.5695582e-001  2.6273774e-001
  4.6411789e-001  2.3826792e-001
  4.5627587e-001  2.3535065e-001
  4.5730293e-001  2.3544491e-001
  4.6620018e-001  2.4617529e-001
  4.7228845e-001  2.4468582e-001
  4.6802574e-001  2.6358243e-001
  4.7271068e-001  2.4715652e-001
  4.6527524e-001  2.4946247e-001
  4.6472928e-001  2.3186832e-001
  4.6887949e-001  2.5443860e-001
  4.6060067e-001  2.5014342e-001
  4.6877299e-001  2.3473632e-001
  4.5896481e-001  2.3333485e-001
  4.6408554e-001  2.6022062e-001
  4.7142499e-001  2.2257508e-001
  4.6569115e-001  2.2923829e-001
  4.5530496e-001  2.2408673e-001
  4.5646463e-001  2.5579317e-001
  4.5645673e-001  2.3578175e-001
  4.6897506e-001  2.5440758e-001
  5.5464930e-002  2.3071440e-001
  5.1574477e-002  2.3581350e-001
  6.6765737e-002  2.0463069e-001
  5.2591686e-002  2.3103868e-001
  6.6658781e-002  1.7383558e-001
  6.1818181e-002  1.6017134e-001
  6.0054581e-002  1.6786447e-001
  5.2132429e-002  1.3827293e-001
  5.2182647e-002  1.2941919e-001
  5.9792317e-002  1.3847729e-001
  6.7484055e-002  9.9524287e-002
  5.1964947e-002  1.2508181e-001
  6.3914504e-002  1.0511784e-001
  5.2701106e-002  8.1295029e-002
  6.4181596e-002  1.1549974e-001
  5.9324627e-002  9.1707236e-002
  6.0325694e-002  7.1047553e-002
  6.7716446e-002  5.2594689e-002
  5.0835034e-002  6.4877091e-002
  6.7216122e-002  8.3950873e-002
  5.7781846e-002  5.7987661e-002
  5.2727864e-002  7.7824064e-002
  6.3394196e-002  7.8006520e-002
  5.5566144e-002  5.9018223e-002
  5.8431281e-002  5.7237750e-002
  5.8591544e-002  5.4454769e-002
  6.6191053e-002  6.7204154e-002
  6.4329328e-002  6.1432651e-002
  5.2620464e-002  5.9300882e-002
  6.5393631e-002  3.9006986e-002
  6.0583622e-002  2.0939734e-002
  6.4937286e-002  4.6893622e-002
  5.7086444e-002  1.5593395e-002
  7.0015094e-002  1.3086681e-002
  6.0530727e-002  4.3477397e-002
  6.5686026e-002  3.3995855e-002
  5.0653157e-002  5.2738739e-002
  5.4937025e-002  2.8724926e-002
  6.4379630e-002  4.4474172e-002
  5.8806461e-002  2.3349739e-002
  5.9908540e-002  2.4165511e-002
  5.3808105e-002  4.9223086e-002
  5.4937338e-002  1.4913665e-002
  5.1473265e-002  4.3812259e-003
  6.8493252e-002  5.0128633e-002
  5.5697348e-002  4.4964166e-002
  6.9930429e-002  4.0177260e-002
  6.8187947e-002  3.2939882e-002
  6.3380288e-002  6.2794155e-003
  6.2258657e-002  2.1690894e-002
  6.1557390e-002 -5.5586263e-004
  5.4858296e-002  3.0725760e-002
  5.6287033e-002  3.1318670e-002
  5.8866242e-002  7.0556618e-003
  5.9473334e-002  4.4501881e-002
  6.0844127e-002  6.0501982e-003
  6.7605977e-002  2.7198995e-002
  5.9257939e-002  3.1923718e-002
  6.3127550e-002  4.2898734e-002
  7.0024291e-002  3.1132826e-002
  5.1715082e-002  2.5394881e-002
  5.8291060e-002 -1.4029889e-003
  6.1671659e-002  3.5222395e-002
  6.5654833e-002  1.6801697e-002
  5.6384129e-002  1.9494683e-002
  5.6579753e-002  8.3877384e-003
  5.3758522e-002  3.6921875e-002
  5.2898038e-002  4.2577641e-002
  5.3601242e-002  3.2405229e-002
  9.9429010e-001  4.6309925e-002
  9.9455731e-001  4.8846407e-003
  1.0037209e+000  5.0575854e-002
  1.0002401e+000  3.8000127e-002
  1.0055685e+000  5.6780195e-002
  9.9822557e-001  6.9716307e-002
  9.9669043e-001  7.0227879e-002
  9.9377392e-001  9.8827436e-002
  1.0073213e+000  9.0439192e-002
  9.9042897e-001  1.1628044e-001
  9.9599285e-001  1.3260796e-001
  9.9247227e-001  1.4175138e-001
  1.0015746e+000  1.4236508e-001
  1.0080178e+000  1.3595718e-001
  9.9767114e-001  1.7736503e-001
  1.0089466e+000  1.8348521e-001
  9.9787500e-001  1.4779566e-001
  1.0086685e+000  1.9766277e-001
  9.9861436e-001  1.7239436e-001
  9.9111289e-001  2.0788488e-001
  1.0039434e+000  1.8866456e-001
  9.9348904e-001  2.0498188e-001
  1.0042738e+000  2.0696854e-001
  1.0015147e+000  2.0374848e-001
  9.9212194e-001  1.7788550e-001
  9.9135543e-001  1.8163485e-001
  1.0029764e+000  1.9920455e-001
  9.9813880e-001  2.1842039e-001
  9.9465627e-001  1.9441255e-001
  9.9744671e-001  1.9915852e-001
  9.9572567e-001  2.3014587e-001
  9.9628730e-001  2.0958082e-001
  9.9994090e-001  1.9720102e-001
  9.9413351e-001  2.3187454e-001
  1.0094508e+000  2.2021768e-001
  9.9075503e-001  2.1051897e-001
  9.9661160e-001  2.3831018e-001
  9.9518968e-001  2.3780314e-001
  9.9823779e-001  2.4031255e-001
  9.9655859e-001  2.0884747e-001
  1.0060621e+000  2.1915057e-001
  9.9957405e-001  1.9711755e-001
  9.9641828e-001  2.2577930e-001
  1.0073861e+000  2.0818632e-001
  9.9934887e-001  2.1128978e-001
  1.0089244e+000  2.0061156e-001
  1.0037807e+000  2.0354139e-001
  1.0071695e+000  2.0427889e-001
  1.0012756e+000  2.1272919e-001
  9.9785067e-001  2.4036545e-001
  1.0021957e+000  2.3010746e-001
  9.9800334e-001  2.3590326e-001
  9.9553506e-001  2.0437442e-001
  1.0048839e+000  2.3659062e-001
  1.0061578e+000  2.2485038e-001
  1.0059169e+000  2.4124197e-001
  9.9501516e-001  2.3146542e-001
  1.0056734e+000  2.2033557e-001
  9.9841344e-001  2.3831824e-001
  9.9800493e-001  2.1066168e-001
  1.0042845e+000  2.3682743e-001
  1.0089621e+000  2.2096720e-001
  1.0037763e+000  2.3773120e-001
  9.9927446e-001  2.0745527e-001
  1.0068299e+000  2.1640060e-001
  9.9376523e-001  2.3584906e-001
  1.0037834e+000  2.1892939e-001
  9.9641277e-001  2.0375613e-001
  9.9262646e-001  2.0222155e-001
 -3.0414944e-001  2.1148972e-001
 -2.9967739e-001  2.3860422e-001
 -3.0258805e-001  2.2175443e-001
 -3.0015573e-001  1.9853971e-001
 -3.1104453e-001  1.8867306e-001
 -3.1742045e-001  1.7285395e-001
 -3.0102268e-001  1.4237539e-001
 -3.1135578e-001  1.5423856e-001
 -3.0338824e-001  1.1531134e-001
 -3.0900663e-001  1.2092474e-001
 -3.1518847e-001  1.0499627e-001
 -3.0261796e-001  1.0317980e-001
 -3.1184277e-001  1.1771575e-001
 -3.1597202e-001  8.6938357e-002
 -2.9846049e-001  6.1622313e-002
 -3.1173578e-001  7.2308693e-002
 -2.9843885e-001  9.1742811e-002
 -3.1442321e-001  8.7831082e-002
 -3.1215950e-001  4.0019989e-002
 -2.9872600e-001  7.1881151e-002
 -3.0029862e-001  6.1287177e-002
 -3.0490081e-001  7.0676989e-002
 -3.0508100e-001  6.6110613e-002
 -3.1106973e-001  2.7590269e-002
 -3.0423513e-001  5.3291107e-002
 -3.0773328e-001  2.3823921e-002
 -3.1311547e-001  3.8221507e-002
 -3.1112125e-001  3.2851000e-002
 -3.1455534e-001  5.6453951e-002
 -3.0441205e-001  3.5593880e-002
 -3.1439425e-001  5.3038698e-002
 -3.0077265e-001  3.7532750e-002
 -3.1105664e-001  2.2421110e-002
 -3.0362800e-001  7.3042303e-003
 -3.0127402e-001  2.3305906e-002
 -3.0090214e-001  4.6514516e-002
 -2.9904582e-001  4.2573524e-002
 -3.0064405e-001  1.1050249e-002
 -3.1008554e-001  1.1542188e-002
 -3.1356252e-001  5.4608003e-003
 -3.0871806e-001  1.4716130e-002
 -3.0914812e-001  4.2765881e-002
 -3.0857501e-001  2.2766294e-002
 -3.1461843e-001 -5.9092490e-003
 -3.1055021e-001  3.8982822e-002
 -3.1081365e-001  5.2870966e-003
 -3.0963179e-001  1.4755893e-002
 -3.1344519e-001  8.8744295e-003
 -3.0558098e-001  1.1090265e-002
 -3.1658742e-001  6.1704387e-003
 -3.0072730e-001 -7.5150020e-003
 -3.1254332e-001  1.7648904e-002
 -3.0820926e-001  3.6234659e-002
 -3.1589274e-001  4.4735049e-003
 -3.0487862e-001  3.5639920e-002
 -3.0671574e-001  1.9941224e-002
 -3.1529629e-001 -3.7184133e-003
 -3.1657532e-001 -9.6093077e-003
 -3.0807449e-001  2.6396222e-002
 -3.0758071e-001 -8.5049100e-003
 -3.0308391e-001  6.5318134e-004
 -3.0333090e-001 -2.2187690e-003
 -3.1461153e-001  1.3246088e-002
 -3.1214697e-001  2.5123783e-002
 -3.1236801e-001  1.6528615e-002
 -3.0246002e-001  4.3221382e-004
 -3.1333441e-001  2.7215178e-003
 -3.0720452e-001 -7.0152278e-003
 -3.1379672e-001  3.4023722e-002
 -2.6615579e-001  8.0705141e-003
 -2.6399021e-001  3.3360414e-002
 -2.6036155e-001  2.4255221e-002
 -2.6361881e-001  3.3901117e-002
 -2.7240794e-001  2.5945050e-002
 -2.6651691e-001 -1.3327927e-004
 -2.7821924e-001 -1.0497068e-002
 -2.7750235e-001  2.1030527e-002
 -2.6571718e-001  2.8313944e-002
 -2.6110799e-001 -1.8993990e-002
 -2.7140994e-001  2.6176837e-002
 -2.7585347e-001  2.4830862e-002
 -2.7810349e-001 -5.5495904e-003
 -2.7805391e-001  2.5508803e-003
 -2.6136941e-001  7.1704636e-003
 -2.7092725e-001 -1.0090906e-002
 -2.7114290e-001 -1.1832620e-003
 -2.6862831e-001  7.2624044e-003
 -2.6318086e-001  3.1181515e-004
 -2.6960866e-001  2.7436727e-005
 -2.7149278e-001  1.7379618e-002
 -2.7256890e-001 -5.8301990e-003
 -2.6146415e-001  1.4088437e-002
 -2.7404003e-001 -1.2442648e-002
 -2.6531996e-001  1.5055577e-002
 -2.7022096e-001  1.4379389e-002
 -2.6727609e-001 -1.9108251e-003
 -2.6119754e-001  1.9357126e-002
 -2.6640319e-001 -6.0495314e-003
 -2.6635119e-001  2.1965642e-002
 -2.6039356e-001 -1.5262569e-002
 -2.5955221e-001 -1.7811744e-002
 -2.6642100e-001  8.7928576e-003
 -2.6535843e-001 -1.5666132e-002
 -2.7508091e-001  2.2414582e-002
 -2.7564166e-001  5.5927111e-003
 -2.7376116e-001 -1.4984421e-002
 -2.6654541e-001 -1.3382028e-002
 -2.6717384e-001 -2.3320330e-002
 -2.6201602e-001 -2.3706649e-002
 -2.7385877e-001 -2.6022712e-002
 -2.7479211e-001 -1.8434127e-002
 -2.7423169e-001  2.6960467e-003
 -2.6798768e-001 -2.2283964e-002
 -2.6070884e-001 -2.3403557e-002
 -2.6067632e-001  2.9278761e-004
 -2.7634539e-001  1.4587968e-002
 -2.7629194e-001 -8.9975045e-003
 -2.7465652e-001 -7.0998566e-004
 -2.6347092e-001 -1.8772199e-004
 -2.6927778e-001  1.5914723e-002
 -2.5993573e-001  1.3817462e-002
 -2.7756379e-001 -2.3513654e-002
 -2.7288798e-001 -1.5400443e-002
 -2.5953989e-001 -4.6013149e-003
 -2.6956171e-001 -1.9729164e-002
 -2.7020616e-001 -4.9620884e-003
 -2.7030828e-001  2.0367177e-002
 -2.5976666e-001 -1.1938966e-002
 -2.7267186e-001 -2.1974642e-002
 -2.6584534e-001 -2.4917383e-002
 -2.7203215e-001  1.3829078e-003
 -2.6370168e-001  2.1513524e-002
 -2.7840589e-001  8.3748400e-003
 -2.7723532e-001  1.9223547e-002
 -2.6451378e-001 -6.6700685e-003
 -2.7299429e-001 -2.2502798e-002
 -2.6967887e-001 -1.5693005e-002
 -2.7778801e-001  1.5595812e-002
 -9.8000997e-001  3.2005586e-003
 -9.8455092e-001 -2.4492514e-002
 -9.8153533e-001  9.8695795e-002
 -9.8026803e-001  1.7204711e-001
 -9.7259078e-001  2.3728476e-001
 -9.7926582e-001  3.2920338e-001
 -9.7419017e-001  3.9789388e-001
 -9.6817671e-001  4.5568155e-001
 -9.8588713e-001  4.9908014e-001
 -9.7826431e-001  5.3181441e-001
 -9.7178052e-001  5.6577176e-001
 -9.8660530e-001  6.1587289e-001
 -9.7542646e-001  6.5197607e-001
 -9.7031259e-001  7.0958819e-001
 -9.7131574e-001  6.9553823e-001
 -9.8097069e-001  7.2412872e-001
 -9.8473598e-001  7.5909698e-001
 -9.7721066e-001  7.9799495e-001
 -9.7287739e-001  7.9857996e-001
 -9.8243727e-001  8.2690191e-001
 -9.7170983e-001  8.3564744e-001
 -9.7306588e-001  8.7446127e-001
 -9.7884867e-001  9.0408959e-001
 -9.7800603e-001  9.1940382e-001
 -9.8475593e-001  9.1911630e-001
 -9.6864740e-001  9.5151475e-001
 -9.8616015e-001  9.5284140e-001
 -9.6968983e-001  9.3382410e-001
 -9.8581034e-001  9.3996059e-001
 -9.7268525e-001  9.6383330e-001
 -9.7821727e-001  9.6947039e-001
 -9.6902878e-001  9.8785166e-001
 -9.7960850e-001  9.7190525e-001
 -9.8387644e-001  1.0203383e+000
 -9.7491173e-001  9.8298347e-001
 -9.7166855e-001  1.0017286e+000
 -9.7119463e-001  9.8781121e-001
 -9.8249690e-001  1.0018855e+000
 -9.8719088e-001  1.0373623e+000
 -9.7904150e-001  1.0334349e+000
 -9.6855987e-001  1.0383802e+000
 -9.7367550e-001  1.0310026e+000
 -9.7817942e-001  1.0367503e+000
 -9.7711622e-001  1.0263845e+000
 -9.8224648e-001  1.0339672e+000
 -9.8469372e-001  1.0626372e+000
 -9.7487713e-001  1.0638059e+000
 -9.7788010e-001  1.0449566e+000
 -9.6892024e-001  1.0575160e+000
 -9.7540500e-001  1.0428724e+000
 -9.7033895e-001  1.0704092e+000
 -9.7105083e-001  1.0598786e+000
 -9.8095565e-001  1.0523611e+000
 -9.7286702e-001  1.0764866e+000
 -9.7952455e-001  1.0385272e+000
 -9.7019201e-001  1.0451430e+000
 -9.8349686e-001  1.0587577e+000
 -9.7650034e-001  1.0688720e+000
 -9.8525076e-001  1.0745754e+000
 -9.8600093e-001  1.0481355e+000
 -9.7918987e-001  1.0692162e+000
 -9.7441078e-001  1.0379140e+000
 -9.7980536e-001  1.0803634e+000
 -9.8152280e-001  1.0445248e+000
 -9.6848720e-001  1.0464187e+000
 -9.7463463e-001  1.0702503e+000
 -9.8296556e-001  1.0737321e+000
 -9.7464930e-001  1.0378333e+000
 -9.8392867e-001  1.0834346e+000
 -9.8598966e-001  1.0615302e+000
 -9.7786069e-001  1.0798369e+000
 -9.9460056e-001  1.0618035e+000
 -9.8288346e-001  1.0850527e+000
 -9.7599342e-001  1.0565410e+000
 -9.8901876e-001  1.0503550e+000
 -9.7814905e-001  1.0871237e+000
 -9.9202331e-001  1.0666664e+000
 -9.7886818e-001  1.0879133e+000
 -9.9153110e-001  1.0538815e+000
 -9.9407373e-001  1.0501470e+000
 -9.8965851e-001  1.0651860e+000
 -9.7958176e-001  1.0661121e+000
 -9.7643536e-001  1.0524009e+000
 -9.8876423e-001  1.0622685e+000
 -9.9434562e-001  1.0980046e+000
 -9.8104389e-001  1.0549700e+000
 -9.7524665e-001  1.0803579e+000
 -9.8969709e-001  1.0754841e+000
 -9.8725623e-001  1.0554324e+000
 -9.7959633e-001  1.0583284e+000
 -9.8704101e-001  1.0571574e+000
 -9.8754177e-001  1.0721070e+000
 -9.7895102e-001  1.0859125e+000
 -9.7957358e-001  1.0863960e+000
 -9.9335946e-001  1.0895098e+000
 -9.8891958e-001  1.1043741e+000
 -9.7782405e-001  1.0584108e+000
 -9.9427953e-001  1.0783364e+000
 -9.7973920e-001  1.0570662e+000
 -9.8181562e-001  1.0880711e+000
 -9.8220098e-001  1.0906062e+000
 -9.9061991e-001  1.0611999e+000
 -9.7933647e-001  1.0848394e+000
 -9.8804750e-001  1.1017345e+000
 -9.7488502e-001  1.1026988e+000
 -9.9112657e-001  1.0786792e+000
 -9.8350199e-001  1.1053464e+000
 -9.9227254e-001  1.0981739e+000
 -9.8324648e-001  1.0756641e+000
 -9.8100590e-001  1.1002309e+000
 -9.9206651e-001  1.0864678e+000
 -9.8434420e-001  1.0585930e+000
 -9.8280507e-001  1.0767485e+000
 -9.9186432e-001  1.0973900e+000
 -9.7642540e-001  1.0730009e+000
 -9.8227753e-001  1.0798122e+000
 -9.7978710e-001  1.1045285e+000
 -9.7921319e-001  1.0638440e+000
 -9.8573931e-001  1.0570446e+000
 -9.9355273e-001  1.0882083e+000
 -9.8818858e-001  1.0994486e+000
 -9.9418227e-001  1.0869816e+000
 -9.8349725e-001  1.0681483e+000
 -9.8859991e-001  1.1050852e+000
 -9.8584672e-001  1.0882981e+000
 -9.8450627e-001  1.0665646e+000
 -9.7702186e-001  1.0908187e+000
 -9.9254126e-001  1.0644233e+000
 -9.8066678e-001  1.0614939e+000
 -9.9131741e-001  1.0765180e+000
 -9.8920300e-001  1.0602578e+000
 -9.8040720e-001  1.0953000e+000
 -9.9148212e-001  1.0680935e+000
 -9.8086371e-001  1.1024006e+000
 -9.9040314e-001  1.0679056e+000
 -9.8388690e-001  1.0835932e+000
 -9.7480152e-001  1.0740896e+000
 -9.8932105e-001  1.0817981e+000
 -5.7370396e-001  1.0707960e+000
 -5.7886096e-001  1.0644780e+000
 -5.7796235e-001  1.0024095e+000
 -5.8638710e-001  9.2813791e-001
 -5.8521690e-001  8.9482177e-001
 -5.7604069e-001  8.4074154e-001
 -5.9115386e-001  7.6572310e-001
 -5.8488500e-001  7.6326631e-001
 -5.7741865e-001  6.9981715e-001
 -5.8279727e-001  6.5312456e-001
 -5.9016483e-001  6.2922404e-001
 -5.8996943e-001  5.8308229e-001
 -5.8684248e-001  5.7605266e-001
 -5.8634156e-001  5.6995934e-001
 -5.8502813e-001  5.0053735e-001
 -5.8551009e-001  5.0346504e-001
 -5.8287038e-001  5.0215032e-001
 -5.7455677e-001  4.7964042e-001
 -5.9258672e-001  4.3121962e-001
 -5.8237736e-001  4.3414558e-001
 -5.8308716e-001  3.9398482e-001
 -5.8535727e-001  4.1050704e-001
 -5.9302888e-001  3.8395786e-001
 -5.7360873e-001  3.7800113e-001
 -5.7525414e-001  3.4704619e-001
 -5.7862607e-001  3.4704097e-001
 -5.8491234e-001  3.4892629e-001
 -5.9230560e-001  3.4138511e-001
 -5.7616670e-001  3.3595686e-001
 -5.7715631e-001  3.1642005e-001
 -5.8283795e-001  3.1945489e-001
 -5.8890772e-001  3.3019914e-001
 -5.7419360e-001  3.1017998e-001
 -5.9044311e-001  3.2128798e-001
 -5.8033731e-001  2.8016972e-001
 -5.8509010e-001  2.8320418e-001
 -5.9271590e-001  3.0695481e-001
 -5.8226411e-001  2.6790071e-001
 -5.8741640e-001  2.9615971e-001
 -5.7437355e-001  3.0306859e-001
 -5.7801133e-001  2.7512597e-001
 -5.9272313e-001  2.5591685e-001
 -5.9005988e-001  2.6929668e-001
 -5.8159312e-001  2.7741271e-001
 -5.8148868e-001  2.7023592e-001
 -5.7773328e-001  2.8436624e-001
 -5.8839838e-001  2.5951984e-001
 -5.8271173e-001  2.9192587e-001
 -5.8213516e-001  2.8846491e-001
 -5.8645648e-001  2.8911788e-001
 -5.7550389e-001  2.7215256e-001
 -5.8945262e-001  2.4966955e-001
 -5.8140854e-001  2.8163748e-001
 -5.9050812e-001  2.7408925e-001
 -5.7863288e-001  2.3889347e-001
 -5.8805662e-001  2.5681649e-001
 -5.8124169e-001  2.6650417e-001
 -5.9226023e-001  2.5755774e-001
 -5.9107344e-001  2.6642988e-001
 -5.8938905e-001  2.4689251e-001
 -5.8226767e-001  2.4120053e-001
 -5.8243151e-001  2.3354513e-001
 -5.8336048e-001  2.3347337e-001
 -5.9023796e-001  2.4948835e-001
 -5.8673603e-001  2.5310777e-001
 -5.9243172e-001  2.7495289e-001
 -5.9181650e-001  2.6278788e-001
 -5.9251915e-001  2.6755052e-001
 -5.8194414e-001  2.6778175e-001
  5.2436877e-001  2.6971962e-001
  5.2545295e-001  2.4562421e-001
  5.1864869e-001  2.8256096e-001
  5.2877551e-001  2.8313213e-001
  5.2919832e-001  2.8214599e-001
  5.2462717e-001  2.5959248e-001
  5.3049301e-001  2.5515367e-001
  5.1793107e-001  2.7147369e-001
  5.2225313e-001  2.7670437e-001
  5.1613297e-001  2.4943251e-001
  5.2755197e-001  2.9278746e-001
  5.3151535e-001  2.9422709e-001
  5.1679885e-001  2.8346247e-001
  5.2259775e-001  2.6373513e-001
  5.3353256e-001  2.8252245e-001
  5.2490168e-001  2.8649645e-001
  5.2417387e-001  2.8932808e-001
  5.2929782e-001  2.7538694e-001
  5.3144140e-001  2.5818510e-001
  5.1588826e-001  2.6288689e-001
  5.2643622e-001  2.7701553e-001
  5.2039519e-001  2.8269503e-001
  5.1806232e-001  2.7980258e-001
  5.1376898e-001  2.8516066e-001
  5.1385016e-001  2.9153662e-001
  5.2406304e-001  2.8150674e-001
  5.2072871e-001  3.0094216e-001
  5.1889526e-001  2.6182675e-001
  5.3026655e-001  2.9505771e-001
  5.1918646e-001  2.7306549e-001
  5.2908597e-001  2.7197606e-001
  5.1555072e-001  2.7459312e-001
  5.2782014e-001  2.8564499e-001
  5.3083496e-001  2.7818680e-001
  5.2201946e-001  2.5378863e-001
  5.3342052e-001  2.8577927e-001
  5.2505645e-001  2.7617878e-001
  5.2162626e-001  2.6672152e-001
  5.2739359e-001  3.0148281e-001
  5.1770136e-001  2.5379241e-001
  5.1736042e-001  2.6137348e-001
  5.2995268e-001  2.8023480e-001
  5.2761175e-001  2.9614618e-001
  5.1535416e-001  2.6216115e-001
  5.2697769e-001  2.5799386e-001
  5.2393396e-001  2.6439771e-001
  5.1708522e-001  2.6422449e-001
  5.1475720e-001  2.7367670e-001
  5.2167274e-001  2.8044468e-001
  5.1516504e-001  2.5675968e-001
  5.2541338e-001  2.9362050e-001
  5.1537791e-001  2.7883176e-001
  5.2755437e-001  2.7237706e-001
  5.1589473e-001  2.8511543e-001
  5.1529597e-001  2.7602783e-001
  5.3263807e-001  2.8914942e-001
  5.2342459e-001  2.5692282e-001
  5.1428704e-001  2.6372855e-001
  5.2622079e-001  2.9900796e-001
  5.1864334e-001  2.8215674e-001
  5.2140456e-001  2.6605951e-001
  5.1968627e-001  2.8192686e-001
  5.1658651e-001  3.0226548e-001
  5.1633844e-001  2.6616640e-001
  5.1506381e-001  2.5486554e-001
  5.2976843e-001  2.7611432e-001
  5.2284205e-001  2.5579952e-001
  5.2574154e-001  2.8153737e-001
  5.2038672e-001  2.8444364e-001
  5.7963619e-001  2.7310414e-001
  5.8655609e-001  2.9649526e-001
  5.9282947e-001  2.9353649e-001
  5.8451969e-001  2.8663107e-001
  5.9188616e-001  2.7363914e-001
  5.8757668e-001  2.6958121e-001
  5.8945489e-001  2.6667864e-001
  5.7777172e-001  2.8024277e-001
  5.8131258e-001  2.8675917e-001
  5.8896842e-001  2.9679699e-001
  5.9037692e-001  3.1861513e-001
  5.8623414e-001  2.8415872e-001
  5.8977024e-001  3.2133988e-001
  5.8457912e-001  3.0211564e-001
  5.7619514e-001  2.9729867e-001
  5.7633013e-001  3.2254885e-001
  5.8856070e-001  3.2217161e-001
  5.9259226e-001  2.9725882e-001
  5.8514953e-001  2.9240898e-001
  5.8385600e-001  3.0114779e-001
  5.9116671e-001  3.0557435e-001
  5.8313383e-001  3.2541069e-001
  5.8483829e-001  3.2601493e-001
  5.7864794e-001  3.2718440e-001
  5.8645686e-001  3.0029230e-001
  5.7633420e-001  3.2018605e-001
  5.8894697e-001  3.0460606e-001
  5.9416306e-001  3.0828972e-001
  5.8856708e-001  3.0237933e-001
  5.7762536e-001  3.0334337e-001
  5.7841208e-001  2.8554850e-001
  5.8119325e-001  2.9957904e-001
  5.9385618e-001  3.0172392e-001
  5.9148149e-001  2.9160951e-001
  5.8682494e-001  2.9918659e-001
  5.8659250e-001  2.9828002e-001
  5.8637910e-001  3.2700424e-001
  5.9411732e-001  3.1351634e-001
  5.8849057e-001  2.8405949e-001
  5.8178342e-001  2.8113017e-001
  5.7604494e-001  3.2814081e-001
  5.9476269e-001  3.2737030e-001
  5.8460053e-001  2.8429232e-001
  5.8714144e-001  3.0388611e-001
  5.8973339e-001  3.0404599e-001
  5.7555484e-001  3.1234718e-001
  5.9192607e-001  2.9136575e-001
  5.8786914e-001  3.2278248e-001
  5.9525747e-001  3.1039890e-001
  5.7643238e-001  3.1196587e-001
  5.8176587e-001  2.8942195e-001
  5.9502220e-001  3.0331393e-001
  5.9090119e-001  2.9810954e-001
  5.8973694e-001  3.1709225e-001
  5.9004111e-001  3.2916293e-001
  5.7746779e-001  3.0562072e-001
  5.9282746e-001  3.0842583e-001
  5.9267270e-001  2.9111671e-001
  5.7654723e-001  3.3039445e-001
  5.9082634e-001  3.0975759e-001
  5.7733812e-001  3.3157520e-001
  5.9074451e-001  3.0131570e-001
  5.9093908e-001  2.8264587e-001
  5.7598559e-001  3.0382123e-001
  5.8338887e-001  3.1975350e-001
  5.7923832e-001  2.9045844e-001
  5.8725416e-001  3.2395465e-001
  5.8844410e-001  2.9558063e-001
  5.8533270e-001  2.9622692e-001
 -3.2119568e-001  2.8649911e-001
 -3.2169088e-001  3.1079473e-001
 -3.2132283e-001  2.7004694e-001
 -3.1777597e-001  2.7943999e-001
 -3.2032790e-001  2.6220039e-001
 -3.2472652e-001  2.3174183e-001
 -3.2233008e-001  2.0894618e-001
 -3.2277426e-001  1.9318545e-001
 -3.2466838e-001  1.7696803e-001
 -3.1349450e-001  1.5892363e-001
 -3.2175883e-001  1.4674549e-001
 -3.0732613e-001  1.4961433e-001
 -3.2333737e-001  1.1101932e-001
 -3.1829121e-001  1.0402110e-001
 -3.1811295e-001  8.6422352e-002
 -3.1441163e-001  1.2181096e-001
 -3.1783915e-001  8.3328976e-002
 -3.0823736e-001  7.3384730e-002
 -3.2612515e-001  9.9712877e-002
 -3.1278901e-001  5.8994358e-002
 -3.0753093e-001  8.1205565e-002
 -3.1359012e-001  9.0964975e-002
 -3.1482486e-001  3.9713222e-002
 -3.1611098e-001  6.1541838e-002
 -3.1863627e-001  6.3107155e-002
 -3.0893260e-001  6.4696953e-002
 -3.1401798e-001  5.4061130e-002
 -3.1228288e-001  6.7054916e-002
 -3.0720412e-001  6.5662828e-002
 -3.2173724e-001  4.8394547e-002
 -3.1175149e-001  6.0291356e-002
 -3.2232333e-001  4.7879566e-002
 -3.1747423e-001  1.2237524e-002
 -3.1952442e-001  1.8212626e-002
 -3.1292431e-001  3.0339001e-002
 -3.0665654e-001  8.6749016e-003
 -3.1290943e-001  1.2743275e-002
 -3.2349863e-001  3.9055876e-002
 -3.1708849e-001  3.2952694e-002
 -3.2584948e-001  2.7244114e-002
 -3.1900708e-001  3.8267745e-002
 -3.1964282e-001  1.5648172e-002
 -3.0776135e-001  1.7062716e-002
 -3.1994013e-001  3.3508331e-002
 -3.1361287e-001  2.3544746e-004
 -3.1170477e-001  2.0186095e-002
 -3.2210207e-001  1.6933879e-002
 -3.1862142e-001  3.2542255e-002
 -3.2395848e-001  1.8823394e-002
 -3.2372342e-001  1.5291702e-002
 -3.1262702e-001  2.6858878e-002
 -3.1207896e-001 -3.1300539e-003
 -3.1821286e-001  1.2959278e-002
 -3.2617514e-001  1.7153897e-002
 -3.1935923e-001  3.3576419e-002
 -3.1482534e-001  1.0416954e-002
 -3.1565519e-001  4.2420377e-002
 -3.2174009e-001  1.2922884e-002
 -3.0670018e-001 -5.6862042e-003
 -3.2150684e-001  1.5726647e-002
 -3.1697346e-001  2.4084722e-002
 -3.1363232e-001 -2.2752093e-003
 -3.0641144e-001  4.3838509e-003
 -3.0952865e-001  3.6299664e-002
 -3.1631196e-001  1.2639351e-002
 -3.2234874e-001  3.5153384e-003
 -3.2551111e-001  2.2567698e-002
 -3.1478031e-001  2.4109633e-002
 -3.2163664e-001  3.7452619e-002
 -8.8711520e-001  2.4655942e-002
 -8.9417159e-001  1.6881993e-002
 -8.7808408e-001  6.5206348e-002
 -8.8636134e-001  1.2757857e-001
 -8.8494163e-001  1.8156511e-001
 -8.9343744e-001  2.7489302e-001
 -8.7950291e-001  3.1129947e-001
 -8.8630227e-001  3.4707388e-001
 -8.8322573e-001  3.8997394e-001
 -8.8428940e-001  4.0683662e-001
 -8.8498863e-001  4.7474942e-001
 -8.8352438e-001  4.8859313e-001
 -8.9259127e-001  5.1418981e-001
 -8.7994583e-001  5.2004175e-001
 -8.9283808e-001  5.8484745e-001
 -8.8337047e-001  5.6413047e-001
 -8.8929119e-001  5.8870371e-001
 -8.8185220e-001  6.2823547e-001
 -8.8352359e-001  6.1904774e-001
 -8.8858373e-001  6.3945668e-001
 -8.9263166e-001  6.4659545e-001
 -8.9060266e-001  6.9938000e-001
 -8.8638330e-001  7.0895422e-001
 -8.9110982e-001  7.1804236e-001
 -8.9464038e-001  7.1251619e-001
 -8.8527771e-001  7.3289391e-001
 -8.7736011e-001  7.1930764e-001
 -8.8664316e-001  7.4917866e-001
 -8.8636949e-001  7.6502106e-001
 -8.8796120e-001  7.5928597e-001
 -8.7606716e-001  7.5410405e-001
 -8.9456014e-001  7.6192962e-001
 -8.8001506e-001  7.4472798e-001
 -8.8811455e-001  7.5127642e-001
 -8.8361376e-001  7.5766279e-001
 -8.8476054e-001  7.9036469e-001
 -8.8503496e-001  7.9815949e-001
 -8.8954935e-001  7.7267211e-001
 -8.7794494e-001  7.6846441e-001
 -8.9189117e-001  7.9679207e-001
 -8.9169758e-001  8.0048435e-001
 -8.8107405e-001  8.1976728e-001
 -8.9261665e-001  7.7998320e-001
 -8.8017653e-001  7.8902465e-001
 -8.9511891e-001  8.2445581e-001
 -8.8731375e-001  8.2992624e-001
 -8.9267218e-001  8.1481842e-001
 -8.8560261e-001  8.0473040e-001
 -8.9225076e-001  8.2691784e-001
 -8.8772433e-001  8.0440483e-001
 -8.7703192e-001  7.9988091e-001
 -8.8992866e-001  7.9376624e-001
 -8.9287731e-001  8.3831090e-001
 -8.7748995e-001  8.0546524e-001
 -8.7726611e-001  8.2070547e-001
 -8.9222222e-001  8.0651096e-001
 -8.9499745e-001  8.2137359e-001
 -8.8807234e-001  8.1816384e-001
 -8.8053555e-001  8.1473129e-001
 -8.8557441e-001  7.9890172e-001
 -8.8578401e-001  8.3602280e-001
 -8.8256377e-001  8.1478788e-001
 -8.9262438e-001  7.9652174e-001
 -8.8160223e-001  8.2301595e-001
 -8.8443193e-001  7.9984423e-001
 -8.7906720e-001  8.0280968e-001
 -8.7987826e-001  8.2154084e-001
 -8.9525330e-001  8.3467415e-001
 -8.8680733e-001  8.3308801e-001
 -6.1209836e-001  8.4109398e-001
 -6.1717674e-001  8.0719352e-001
 -6.0188527e-001  7.7154895e-001
 -6.0445327e-001  7.1804126e-001
 -6.0858518e-001  6.8511199e-001
 -6.1358503e-001  6.5782927e-001
 -6.1203240e-001  6.1996885e-001
 -6.0728514e-001  6.0824924e-001
 -6.1294237e-001  5.7954331e-001
 -6.1296465e-001  5.4550278e-001
 -6.0298243e-001  5.1822579e-001
 -6.1284316e-001  5.0842324e-001
 -6.1778956e-001  4.7141690e-001
 -6.0885592e-001  4.7323781e-001
 -6.1354367e-001  4.6616343e-001
 -6.0088423e-001  4.3000933e-001
 -6.0516710e-001  4.5563763e-001
 -6.1526573e-001  4.1706470e-001
 -6.0222455e-001  4.2903153e-001
 -6.0663536e-001  4.1054944e-001
 -6.1558034e-001  4.1499194e-001
 -6.0639652e-001  4.0117771e-001
 -6.1234522e-001  3.6236859e-001
 -5.9943195e-001  3.5680950e-001
 -6.1060183e-001  3.7386298e-001
 -6.1740253e-001  3.6357605e-001
 -5.9982912e-001  3.3054450e-001
 -6.1469787e-001  3.3310429e-001
 -6.0961837e-001  3.1439292e-001
 -6.1099794e-001  3.2108083e-001
 -6.0783664e-001  3.1807205e-001
 -6.1745237e-001  3.4997857e-001
 -6.1360006e-001  3.0132222e-001
 -6.0427664e-001  3.3705131e-001
 -6.0430866e-001  3.3352354e-001
 -6.0785485e-001  3.0609290e-001
 -6.1756274e-001  3.0617641e-001
 -6.0382432e-001  3.0782780e-001
 -6.1607231e-001  3.2574148e-001
 -6.1359333e-001  3.1564303e-001
 -6.0734617e-001  2.8913864e-001
 -6.0563701e-001  3.2120439e-001
 -6.0935773e-001  3.2185068e-001
 -6.0718163e-001  2.8326214e-001
 -5.9982518e-001  2.8096406e-001
 -6.1654445e-001  3.0931177e-001
 -6.1445065e-001  2.7658666e-001
 -6.0249379e-001  2.9191644e-001
 -6.0530942e-001  2.8596695e-001
 -6.1518239e-001  2.9482005e-001
 -6.0550319e-001  3.1818111e-001
 -6.1615306e-001  2.9519617e-001
 -6.0251973e-001  3.0442116e-001
 -6.0219707e-001  3.0832948e-001
 -6.1245211e-001  2.7534280e-001
 -6.0653686e-001  2.8385307e-001
 -5.9949251e-001  3.1422233e-001
 -6.1120062e-001  3.0363208e-001
 -6.0664948e-001  3.1049969e-001
 -6.0312992e-001  2.7111447e-001
 -6.0173959e-001  2.8260206e-001
 -5.9991736e-001  2.7586286e-001
 -6.0034657e-001  2.8881366e-001
 -6.0214448e-001  2.7593573e-001
 -5.9873217e-001  2.7265550e-001
 -5.9877065e-001  3.0534877e-001
 -6.1222727e-001  2.8831566e-001
 -6.0037003e-001  3.1276145e-001
 -6.1522530e-001  3.1006897e-001
  1.7338594e-001  2.8119285e-001
  1.5892079e-001  2.8781067e-001
  1.5767197e-001  2.9175948e-001
  1.6378899e-001  2.3979777e-001
  1.6237490e-001  2.4914370e-001
  1.6695419e-001  2.1626997e-001
  1.6306905e-001  2.2374567e-001
  1.5894750e-001  1.9468830e-001
  1.7428157e-001  2.0206861e-001
  1.7553907e-001  1.5858514e-001
  1.5941041e-001  1.7938947e-001
  1.7315554e-001  1.6061333e-001
  1.7375449e-001  1.5665768e-001
  1.7657908e-001  1.6478989e-001
  1.6105984e-001  1.6618841e-001
  1.7585981e-001  1.3592375e-001
  1.7550631e-001  1.3666422e-001
  1.7181512e-001  1.2053332e-001
  1.6669400e-001  1.1810583e-001
  1.5768105e-001  1.0844269e-001
  1.5862139e-001  1.2162405e-001
  1.6193552e-001  1.1816590e-001
  1.6718668e-001  1.0776432e-001
  1.5862767e-001  1.0162246e-001
  1.7160273e-001  9.9375510e-002
  1.7373453e-001  9.8036194e-002
  1.6705096e-001  1.1944080e-001
  1.6562694e-001  1.1929775e-001
  1.6959240e-001  8.0787067e-002
  1.6986323e-001  1.0481502e-001
  1.6049355e-001  1.1082800e-001
  1.7302657e-001  7.2962939e-002
  1.7350676e-001  1.1125197e-001
  1.5842951e-001  9.9691626e-002
  1.7271499e-001  8.5646094e-002
  1.6537035e-001  9.1472933e-002
  1.6602883e-001  6.3515433e-002
  1.6497456e-001  6.3732072e-002
  1.6403530e-001  9.6213101e-002
  1.6666105e-001  8.1993983e-002
  1.5783802e-001  9.7401431e-002
  1.6558398e-001  6.0620272e-002
  1.6795175e-001  5.6886226e-002
  1.7418466e-001  6.1551281e-002
  1.6263521e-001  6.2449643e-002
  1.5782779e-001  8.0581596e-002
  1.6324774e-001  9.3015405e-002
  1.5865048e-001  5.2892578e-002
  1.5909441e-001  6.0773155e-002
  1.5947145e-001  7.6810032e-002
  1.7005011e-001  7.7081885e-002
  1.7122344e-001  9.9228816e-002
  1.6377996e-001  9.9237493e-002
  1.7611757e-001  6.2440725e-002
  1.5788914e-001  6.4294766e-002
  1.6118863e-001  6.4539256e-002
  1.7368767e-001  8.0427268e-002
  1.7471245e-001  6.1027631e-002
  1.7392015e-001  7.2911827e-002
  1.7423383e-001  6.6626601e-002
  1.7731456e-001  5.0136349e-002
  1.6388528e-001  6.8056199e-002
  1.6226086e-001  7.8717951e-002
  1.6749669e-001  8.0692514e-002
  1.7177853e-001  5.8103952e-002
  1.6616317e-001  8.7087418e-002
  1.6051435e-001  6.1409122e-002
  1.6831165e-001  7.2548567e-002
  1.7602089e-001  5.4618692e-002
  8.4134258e-001  7.1286116e-002
  8.4372164e-001  9.5833321e-002
  8.5741181e-001  8.1618539e-002
  8.3971391e-001  1.1119444e-001
  8.5314316e-001  1.3898915e-001
  8.4259686e-001  1.4339736e-001
  8.5085789e-001  1.5384149e-001
  8.5645631e-001  1.9312438e-001
  8.5581776e-001  1.9016686e-001
  8.4669820e-001  2.2349352e-001
  8.5159638e-001  2.3461049e-001
  8.4509296e-001  2.0111116e-001
  8.4879624e-001  2.3641986e-001
  8.4952206e-001  2.5480617e-001
  8.4236248e-001  2.6081732e-001
  8.4891534e-001  2.5074358e-001
  8.5601195e-001  2.4533803e-001
  8.5244736e-001  2.4474191e-001
  8.4708162e-001  2.5501797e-001
  8.4187943e-001  2.8750765e-001
  8.4716606e-001  2.7079964e-001
  8.4339672e-001  2.6591532e-001
  8.4551885e-001  2.8402494e-001
  8.5583577e-001  2.7849146e-001
  8.5002020e-001  2.9341414e-001
  8.4236758e-001  3.1607007e-001
  8.4183678e-001  2.9569433e-001
  8.5427443e-001  3.1723732e-001
  8.5188125e-001  2.7920014e-001
  8.5315659e-001  2.8249836e-001
  8.5863275e-001  3.1471081e-001
  8.4744334e-001  3.2613782e-001
  8.4387046e-001  3.0182197e-001
  8.4238883e-001  3.2641476e-001
  8.4191125e-001  3.0062305e-001
  8.4172660e-001  3.0702379e-001
  8.5125522e-001  3.3784185e-001
  8.5847794e-001  3.1551083e-001
  8.4271601e-001  3.0076191e-001
  8.4031655e-001  3.4160345e-001
  8.5315554e-001  3.3455382e-001
  8.4146664e-001  3.2616038e-001
  8.4446108e-001  3.0009750e-001
  8.3947196e-001  3.3569539e-001
  8.4085693e-001  3.3498331e-001
  8.4685784e-001  3.1698555e-001
  8.5687321e-001  3.0525843e-001
  8.5783884e-001  3.0981474e-001
  8.4289118e-001  3.1692099e-001
  8.4922562e-001  3.1569105e-001
  8.4185157e-001  3.1125117e-001
  8.4596158e-001  3.1269030e-001
  8.5083907e-001  3.1078569e-001
  8.4342311e-001  3.0107226e-001
  8.4644207e-001  3.0453563e-001
  8.5536336e-001  3.0447772e-001
  8.3991897e-001  3.4730339e-001
  8.5866896e-001  3.3054208e-001
  8.5564296e-001  3.3400860e-001
  8.4520355e-001  3.3922022e-001
  8.5067898e-001  3.3466172e-001
  8.4899072e-001  3.3001649e-001
  8.4723101e-001  3.2588918e-001
  8.3922008e-001  3.1495754e-001
  8.4566865e-001  3.3394997e-001
  8.4639326e-001  3.2062878e-001
  8.5333820e-001  3.1219646e-001
  8.5800336e-001  3.0226666e-001
  8.4417175e-001  3.4999117e-001
 -2.5808473e-001  3.3260863e-001
 -2.5450296e-001  3.4077449e-001
 -2.5042802e-001  2.9691567e-001
 -2.5491505e-001  2.7064826e-001
 -2.6964286e-001  2.7026463e-001
 -2.6421502e-001  2.3767128e-001
 -2.6737305e-001  1.8740527e-001
 -2.6708876e-001  2.0082390e-001
 -2.6211684e-001  2.0039943e-001
 -2.5532017e-001  1.4313900e-001
 -2.5824969e-001  1.5410984e-001
 -2.5145280e-001  1.3016606e-001
 -2.5637540e-001  1.1453111e-001
 -2.6102122e-001  1.3663032e-001
 -2.4997547e-001  1.0196190e-001
 -2.6507449e-001  1.0753584e-001
 -2.6520640e-001  7.8336406e-002
 -2.6136490e-001  9.1399860e-002
 -2.6581849e-001  5.4993275e-002
 -2.6697718e-001  5.4144120e-002
 -2.6459344e-001  6.4239003e-002
 -2.6400490e-001  3.9653352e-002
 -2.6149976e-001  4.8266652e-002
 -2.6564013e-001  4.9042850e-002
 -2.6294957e-001  1.5805051e-002
 -2.5967157e-001  2.4498614e-002
 -2.5132495e-001  4.2591693e-002
 -2.5124713e-001  2.8601658e-002
 -2.6115775e-001  2.7954592e-002
 -2.6154675e-001  4.6335012e-002
 -2.4982132e-001  2.7773244e-002
 -2.5048566e-001  3.9059150e-002
 -2.5334530e-001  3.6756784e-002
 -2.5656730e-001  1.6361556e-002
 -2.6944194e-001 -8.9821789e-003
 -2.6203578e-001  3.5676795e-004
 -2.6183118e-001  3.0905126e-002
 -2.6802505e-001  2.0478921e-003
 -2.4980738e-001 -7.3526600e-004
 -2.6169994e-001  2.4859722e-002
 -2.6117229e-001  7.5191463e-003
 -2.5161921e-001 -1.6021493e-002
 -2.5036763e-001  2.9149754e-002
 -2.5516763e-001 -1.3603002e-002
 -2.5945045e-001 -5.2420010e-003
 -2.5962455e-001 -1.3689603e-002
 -2.5267261e-001  2.4417634e-002
 -2.6151276e-001  2.1924436e-002
 -2.5831077e-001  2.2239845e-002
 -2.6468537e-001 -4.7184296e-003
 -2.6875860e-001 -1.2778633e-002
 -2.6196261e-001  1.8278769e-002
 -2.5746161e-001 -1.5056782e-002
 -2.5244015e-001 -4.2575900e-003
 -2.5862979e-001 -8.2524204e-003
 -2.6481277e-001 -7.8304387e-003
 -2.5712058e-001 -1.7719622e-002
 -5.7790269e-001 -1.4584717e-002
