  7.0317744e-003  1.6240555e-002
  9.1270055e-003  1.6734484e-002
 -6.3166451e-003 -1.6275925e-002
 -4.4594725e-003  1.4410947e-002
 -6.3696167e-003 -9.6335554e-003
  8.7131649e-003  2.1576033e-002
  3.5861538e-003  1.9038449e-002
 -3.1229122e-003 -1.4754831e-002
 -3.8472257e-004  1.9674361e-003
 -1.1317629e-004  1.1509304e-002
 -3.6532759e-001  1.5029443e-002
 -3.6422257e-001  1.7498193e-002
 -3.5493643e-001  2.0063404e-003
 -3.6656128e-001  2.4862461e-002
 -3.5869357e-001  1.6267989e-002
 -3.5692347e-001 -1.7348303e-003
 -3.5348736e-001 -3.3204097e-003
 -3.6225212e-001 -8.3837024e-004
 -3.6486874e-001  3.2677024e-002
 -3.5607635e-001  2.0911922e-002
 -3.6956463e-001  1.4129147e-002
 -3.6340455e-001  4.0702831e-002
 -3.6953064e-001  3.7134672e-002
 -3.6861794e-001  3.7028940e-003
 -3.6398463e-001  4.3039043e-002
 -3.6310061e-001  4.2145767e-002
 -3.5343346e-001  3.9978567e-002
 -3.5996294e-001  3.1248831e-002
 -3.5364107e-001  1.6855270e-002
 -3.5744639e-001  4.1146429e-002
 -3.5479115e-001  1.6818153e-002
 -3.7239533e-001  2.8734193e-002
 -3.5425631e-001  1.7556900e-002
 -3.6808154e-001  1.3095784e-002
 -3.6966436e-001  4.5587168e-002
 -3.5366335e-001  1.4856728e-002
 -3.6361430e-001  4.0419443e-002
 -3.7126122e-001  5.9748942e-002
 -3.5564468e-001  1.8064703e-002
 -3.7236304e-001  4.1271950e-002
 -3.5508977e-001  1.9861970e-002
 -3.5677042e-001  1.9097856e-002
 -3.6515998e-001  5.3958289e-002
 -3.5975361e-001  5.8800571e-002
 -3.6605058e-001  2.8742804e-002
 -3.6853814e-001  4.2712080e-002
 -3.5592042e-001  1.5605184e-002
 -3.7116713e-001  3.0021786e-002
 -3.5483501e-001  6.0385031e-002
 -3.5955660e-001  4.4746115e-002
 -3.6936096e-001  4.4272488e-002
 -3.6065999e-001  5.8671025e-002
 -3.5300748e-001  5.7132991e-002
 -3.6622073e-001  2.2739865e-002
 -3.6392710e-001  1.8258614e-002
 -3.6282365e-001  5.9564481e-002
 -3.7179048e-001  3.6753982e-002
 -3.6184683e-001  2.3195239e-002
 -3.6394452e-001  2.7174303e-002
 -3.6918969e-001  3.1324657e-002
 -3.7058132e-001  5.4170378e-002
 -3.7017945e-001  3.1733961e-002
 -3.5390247e-001  1.7118220e-002
 -3.6193143e-001  5.7644067e-002
 -3.7108913e-001  6.5768072e-002
 -3.5635921e-001  6.5177473e-002
 -3.6336878e-001  4.6513320e-002
 -3.5471181e-001  4.5225791e-002
 -3.6898996e-001  3.4276056e-002
 -3.6418711e-001  5.9938325e-002
 -3.5912273e-001  5.7544427e-002
 -3.5523372e-001  3.0158061e-002
 -3.6357544e-001  4.0136547e-002
 -3.7125492e-001  1.9746477e-002
 -3.5927639e-001  1.6984273e-002
 -3.7106748e-001  5.8430542e-002
 -3.7176581e-001  2.1301197e-002
 -3.5313450e-001  4.1682494e-002
 -3.6821338e-001  5.8223050e-002
 -6.5077739e-001  4.9131498e-002
 -6.6418897e-001  4.7494794e-002
 -6.5126220e-001  7.7004111e-002
 -6.5627822e-001  1.0917548e-001
 -6.6231103e-001  1.1208821e-001
 -6.5883968e-001  1.1346652e-001
 -6.6375448e-001  1.4066832e-001
 -6.5820156e-001  1.9100560e-001
 -6.5848650e-001  1.9101646e-001
 -6.6074096e-001  1.8695350e-001
 -6.4818550e-001  1.9454207e-001
 -6.6209953e-001  2.1234093e-001
 -6.4706059e-001  2.6231316e-001
 -6.6589856e-001  2.4326034e-001
 -6.4975100e-001  2.7029561e-001
 -6.5529999e-001  2.4845693e-001
 -6.5528776e-001  2.8081074e-001
 -6.5914741e-001  2.6934646e-001
 -6.5731381e-001  3.0316987e-001
 -6.5708674e-001  2.8562134e-001
 -6.5099851e-001  2.9045128e-001
 -6.5844369e-001  3.2522936e-001
 -6.5490258e-001  3.0202321e-001
 -6.5437059e-001  2.9647005e-001
 -6.5650926e-001  3.2024759e-001
 -6.5894197e-001  3.0811940e-001
 -6.5323143e-001  3.4605544e-001
 -6.5851847e-001  3.2494005e-001
 -6.6224908e-001  3.3092826e-001
 -6.5153435e-001  3.1317761e-001
 -6.6302437e-001  3.5961461e-001
 -6.6035531e-001  3.3758328e-001
 -6.6010162e-001  3.2416623e-001
 -6.5823751e-001  3.2033457e-001
 -6.5021322e-001  3.5938858e-001
 -6.5106055e-001  3.2112522e-001
 -6.5370779e-001  3.3181209e-001
 -6.6195603e-001  3.5876531e-001
 -6.6003800e-001  3.4945906e-001
 -6.5791892e-001  3.6664981e-001
 -6.5288863e-001  3.3476983e-001
 -6.5704186e-001  3.6956594e-001
 -6.6005493e-001  3.4308721e-001
 -6.5089370e-001  3.5805122e-001
 -6.6356061e-001  3.7819409e-001
 -6.6272496e-001  3.7318657e-001
 -6.5011550e-001  3.6686615e-001
 -6.5835861e-001  3.6493053e-001
 -6.4822240e-001  3.7177188e-001
 -6.5137537e-001  3.7249656e-001
 -6.5046148e-001  3.5017820e-001
 -6.6151726e-001  3.3414628e-001
 -6.5926010e-001  3.6121186e-001
 -6.4835118e-001  3.4559474e-001
 -6.5810440e-001  3.5218164e-001
 -6.6175966e-001  3.5539862e-001
 -6.5228109e-001  3.6625973e-001
 -6.5591289e-001  3.7708448e-001
 -6.5686867e-001  3.7851592e-001
 -6.6008976e-001  3.8254708e-001
 -6.6693296e-001  3.7989526e-001
 -6.6136906e-001  3.4131263e-001
 -6.5011794e-001  3.7145136e-001
 -6.6072681e-001  3.6791021e-001
 -6.4819671e-001  3.3930514e-001
 -6.5365780e-001  3.7477295e-001
 -6.6681799e-001  3.5174224e-001
 -6.5229092e-001  3.5399326e-001
 -6.5940808e-001  3.4231438e-001
  5.9388177e-001  3.4917863e-001
  5.7795556e-001  3.5604833e-001
  5.7689717e-001  3.8065814e-001
  5.8992410e-001  3.4426231e-001
  5.9320954e-001  3.5166598e-001
  5.9232968e-001  3.5877529e-001
  5.8928477e-001  3.4459395e-001
  5.8256377e-001  3.2850069e-001
  5.7495967e-001  3.3551871e-001
  5.9310255e-001  3.4217066e-001
  5.7701821e-001  3.5418467e-001
  5.7671065e-001  3.4992447e-001
  5.8820331e-001  3.4503583e-001
  5.9281398e-001  3.3915963e-001
  5.8880040e-001  3.0590105e-001
  5.8512463e-001  3.3083774e-001
  5.7680915e-001  3.2621694e-001
  5.8658373e-001  3.1675951e-001
  5.8645328e-001  3.3027767e-001
  5.9086739e-001  3.4104673e-001
  5.9195785e-001  2.9514236e-001
  5.7632985e-001  3.0487772e-001
  5.7549489e-001  3.1873491e-001
  5.8473301e-001  3.2831101e-001
  5.9077089e-001  3.0040033e-001
  5.7500042e-001  3.1318208e-001
  5.8985502e-001  2.9844987e-001
  5.7413939e-001  3.3589762e-001
  5.7980960e-001  3.0163039e-001
  5.7829762e-001  3.2065035e-001
  5.9350367e-001  3.0449954e-001
  5.7575508e-001  3.0489295e-001
  5.8833488e-001  3.0426273e-001
  5.9001721e-001  3.1270913e-001
  5.8079062e-001  3.0113607e-001
  5.9312269e-001  2.9716879e-001
  5.8965253e-001  3.2743907e-001
  5.8316662e-001  2.8774677e-001
  5.8214977e-001  3.2701189e-001
  5.7412103e-001  3.2539205e-001
  5.8154069e-001  3.0676169e-001
  5.7479967e-001  3.2182202e-001
  5.9075255e-001  3.2111753e-001
  5.7511325e-001  2.9160882e-001
  5.7736312e-001  3.3104500e-001
  5.9367766e-001  3.2677825e-001
  5.8074226e-001  3.1271995e-001
  5.8458006e-001  2.8364077e-001
  5.9271723e-001  2.9156461e-001
  5.7466875e-001  2.9734006e-001
  5.7738340e-001  3.0949244e-001
  5.7729935e-001  3.1755471e-001
  5.8944506e-001  2.8394765e-001
  5.7458178e-001  3.0045299e-001
  5.8370935e-001  3.1073256e-001
  5.8884123e-001  2.9885526e-001
  5.8923589e-001  2.9459439e-001
  5.8003101e-001  3.1017452e-001
  5.7784232e-001  3.2226362e-001
  5.8392919e-001  3.2845752e-001
  5.7449048e-001  3.2362355e-001
  5.8247879e-001  3.2715577e-001
  5.8554740e-001  3.1057566e-001
  5.7531401e-001  3.2914463e-001
  5.8754415e-001  2.8384264e-001
  5.9134628e-001  3.1786689e-001
  5.7487843e-001  3.1348453e-001
  5.7531085e-001  2.9164710e-001
  5.8130850e-001  3.1706506e-001
 -9.0244623e-001  3.2613613e-001
 -9.0482770e-001  2.8530852e-001
 -8.9955807e-001  3.7384942e-001
 -8.8887941e-001  3.9946540e-001
 -8.9418681e-001  4.2191722e-001
 -8.9768262e-001  4.6898816e-001
 -8.9605036e-001  4.7710806e-001
 -8.9908668e-001  5.1434904e-001
 -9.0351324e-001  5.4619147e-001
 -8.9538580e-001  5.9658929e-001
 -8.9814077e-001  5.8083461e-001
 -8.9414220e-001  6.3341211e-001
 -8.9922736e-001  6.2951601e-001
 -9.0226214e-001  6.3875653e-001
 -9.0598955e-001  6.9034703e-001
 -9.0342874e-001  7.0141373e-001
 -8.9535654e-001  7.1483920e-001
 -9.0295039e-001  6.9353457e-001
 -8.9753875e-001  7.3555221e-001
 -8.8765915e-001  7.3345718e-001
 -8.8955167e-001  7.2443790e-001
 -8.8636843e-001  7.5760055e-001
 -8.8896773e-001  7.7733352e-001
 -9.0206835e-001  7.5082990e-001
 -8.9956946e-001  7.9355784e-001
 -8.8923078e-001  8.0479399e-001
 -9.0474357e-001  7.6668714e-001
 -8.9014900e-001  7.8643041e-001
 -8.9186600e-001  8.1020550e-001
 -8.9895366e-001  7.9078854e-001
 -8.9789552e-001  8.2378586e-001
 -9.0477005e-001  7.9125782e-001
 -8.8935363e-001  8.3445746e-001
 -9.0015085e-001  8.1728081e-001
 -8.8815282e-001  8.3481098e-001
 -8.9996078e-001  8.3684363e-001
 -8.9795964e-001  8.1722456e-001
 -8.8895566e-001  8.1296154e-001
 -8.9655715e-001  8.4045830e-001
 -8.9601287e-001  8.4524094e-001
 -8.9245463e-001  8.1870262e-001
 -9.0051463e-001  8.4412145e-001
 -8.8967820e-001  8.3895214e-001
 -8.8613278e-001  8.2974547e-001
 -8.9105516e-001  8.4334072e-001
 -8.8743790e-001  8.3450475e-001
 -8.9184981e-001  8.5010079e-001
 -8.9321239e-001  8.1870901e-001
 -8.8757131e-001  8.2238272e-001
 -8.9087711e-001  8.4292047e-001
 -9.0293063e-001  8.3656932e-001
 -8.8915017e-001  8.3303680e-001
 -8.8646369e-001  8.2776627e-001
 -8.9635383e-001  8.5615619e-001
 -8.8743809e-001  8.5442589e-001
 -8.9543767e-001  8.6058790e-001
 -8.9209401e-001  8.2652681e-001
 -8.9240263e-001  8.6009961e-001
 -8.8685189e-001  8.2431555e-001
 -8.9179989e-001  8.4633470e-001
 -8.9125042e-001  8.2878533e-001
 -9.0044591e-001  8.5229155e-001
 -8.8868714e-001  8.2807939e-001
 -9.0363668e-001  8.6704733e-001
 -8.9826287e-001  8.5904500e-001
 -8.9064048e-001  8.6781939e-001
 -8.8940685e-001  8.6340521e-001
 -8.9592316e-001  8.2235112e-001
 -8.8612549e-001  8.3800482e-001
  5.8709008e-001  8.3651559e-001
  5.7571272e-001  8.2785408e-001
  5.8770216e-001  8.1956326e-001
  5.8595524e-001  7.8469992e-001
  5.8123899e-001  7.2445698e-001
  5.7418987e-001  6.9079782e-001
  5.9243200e-001  6.5822510e-001
  5.7821623e-001  6.1854286e-001
  5.7561135e-001  6.0311498e-001
  5.8473729e-001  5.5997811e-001
  5.8246670e-001  5.5523783e-001
  5.8438988e-001  5.1974192e-001
  5.9171512e-001  5.1166751e-001
  5.7520653e-001  4.8397490e-001
  5.7534742e-001  4.9871784e-001
  5.7774778e-001  4.4394215e-001
  5.8661429e-001  4.3771516e-001
  5.8021128e-001  4.6057491e-001
  5.7586527e-001  4.4348901e-001
  5.8501404e-001  4.0112044e-001
  5.8238127e-001  4.0284849e-001
  5.8800578e-001  4.0371022e-001
  5.8695507e-001  3.7526620e-001
  5.9280101e-001  3.8928713e-001
  5.8490492e-001  3.7566477e-001
  5.7569930e-001  3.6735041e-001
  5.8239034e-001  3.7168329e-001
  5.8000472e-001  3.8051558e-001
  5.8839833e-001  3.7538399e-001
  5.7774991e-001  3.6826597e-001
  5.7694685e-001  3.3237578e-001
  5.7834848e-001  3.5206128e-001
  5.7800283e-001  3.2674126e-001
  5.8174864e-001  3.3807968e-001
  5.7387104e-001  3.1433415e-001
  5.8668707e-001  3.5176395e-001
  5.8490203e-001  3.3399405e-001
  5.9219124e-001  3.5120746e-001
  5.8448577e-001  3.3971753e-001
  5.7691555e-001  3.2099416e-001
  5.7748358e-001  3.3038114e-001
  5.9370366e-001  3.2858203e-001
  5.8964016e-001  3.4158430e-001
  5.8198012e-001  3.4400292e-001
  5.7829826e-001  3.2306735e-001
  5.8160579e-001  3.1026592e-001
  5.8242227e-001  3.3627732e-001
  5.7526870e-001  3.3923146e-001
  5.8995924e-001  3.2774496e-001
  5.7551247e-001  3.3579900e-001
  5.9171413e-001  3.2281801e-001
  5.9139368e-001  3.3536674e-001
  5.7599233e-001  2.9487583e-001
  5.7525660e-001  3.1329547e-001
  5.8255800e-001  3.1104004e-001
  5.9158538e-001  3.0937825e-001
  5.8538708e-001  3.2321678e-001
  5.9324590e-001  3.1057850e-001
  5.8524282e-001  2.9309306e-001
  5.8011606e-001  3.1855639e-001
  5.8993454e-001  3.2510894e-001
  5.8335814e-001  3.1652487e-001
  5.8633234e-001  3.0621859e-001
  5.7803779e-001  2.9694713e-001
  5.7464508e-001  3.1311687e-001
  5.7563643e-001  2.9918133e-001
  5.8587408e-001  3.2457979e-001
  5.8651264e-001  2.9970952e-001
  5.8200776e-001  3.1106399e-001
  7.2717488e-001  3.2830955e-001
  7.1758070e-001  2.8572805e-001
  7.1481157e-001  3.1970404e-001
  7.1798765e-001  3.2377652e-001
  7.1645765e-001  3.3824690e-001
  7.2761723e-001  3.4088322e-001
  7.3325168e-001  3.3584748e-001
  7.2114644e-001  3.4011736e-001
  7.1367752e-001  3.0701130e-001
  7.2586381e-001  3.1655388e-001
  7.1681596e-001  3.4029153e-001
  7.2505154e-001  3.0468426e-001
  7.2387967e-001  3.0608627e-001
  7.2014274e-001  3.5508163e-001
  7.2758309e-001  3.1729368e-001
  7.2028650e-001  3.4054657e-001
  7.2413821e-001  3.3084423e-001
  7.2264878e-001  3.2248964e-001
  7.1353569e-001  3.2422832e-001
  7.1589740e-001  3.5686114e-001
  7.2721434e-001  3.5411192e-001
  7.2126660e-001  3.1627028e-001
  7.1769145e-001  3.1857478e-001
  7.1551316e-001  3.4601135e-001
  7.2190843e-001  3.3352906e-001
  7.1925406e-001  3.3867154e-001
  7.2605953e-001  3.1375865e-001
  7.1492673e-001  3.5299054e-001
  7.1492027e-001  3.1476431e-001
  7.2932500e-001  3.4848301e-001
  7.2808192e-001  3.5959316e-001
  7.2099643e-001  3.6299746e-001
  7.3299571e-001  3.2682472e-001
  7.2537472e-001  3.3444686e-001
  7.2051091e-001  3.4436569e-001
  7.2849541e-001  3.5647622e-001
  7.2765892e-001  3.5976896e-001
  7.2363697e-001  3.2408885e-001
  7.1545709e-001  3.4338947e-001
  7.1544472e-001  3.1773064e-001
  7.1733025e-001  3.4605586e-001
  7.2737324e-001  3.6088053e-001
  7.2703475e-001  3.4051752e-001
  7.3022873e-001  3.2964974e-001
  7.2562582e-001  3.2574677e-001
  7.2904061e-001  3.6008795e-001
  7.2582143e-001  3.6257468e-001
  7.1558904e-001  3.2764817e-001
  7.1788398e-001  3.6410113e-001
  7.1955470e-001  3.4363602e-001
  7.1953750e-001  3.5892657e-001
  7.3168561e-001  3.6537630e-001
  7.1443953e-001  3.6646509e-001
  7.2726328e-001  3.3549641e-001
  7.2330067e-001  3.4335069e-001
  7.2357786e-001  3.4972992e-001
  7.2229185e-001  3.2482125e-001
  7.2996052e-001  3.2157387e-001
  7.2273559e-001  3.2956169e-001
  7.2785121e-001  3.2412367e-001
  7.2133003e-001  3.5312552e-001
  7.1559538e-001  3.1794669e-001
  7.2107968e-001  3.4819545e-001
  7.2365636e-001  3.6598884e-001
  7.2736808e-001  3.4662093e-001
  7.1415135e-001  3.4255933e-001
  7.1783497e-001  3.2501945e-001
  7.2986938e-001  3.5049561e-001
  7.2273534e-001  3.5280685e-001
 -7.8961931e-001  3.4648279e-001
 -7.8863456e-001  3.4734506e-001
 -7.8591744e-001  3.4006559e-001
 -7.8766962e-001  3.9612487e-001
 -7.9321041e-001  4.1015546e-001
 -7.8029496e-001  3.9379013e-001
 -7.8571927e-001  4.4102509e-001
 -7.8965177e-001  4.2970493e-001
 -7.9523234e-001  4.6790734e-001
 -7.8958522e-001  4.6360693e-001
 -7.9562609e-001  4.9003409e-001
 -7.9329307e-001  4.9813833e-001
 -7.7820826e-001  5.1709813e-001
 -7.8099287e-001  5.2917124e-001
 -7.9465784e-001  5.2870698e-001
 -7.7782380e-001  5.2718882e-001
 -7.8508706e-001  5.4054343e-001
 -7.8361505e-001  5.3911489e-001
 -7.9229298e-001  5.3741509e-001
 -7.7845040e-001  5.3017700e-001
 -7.8648433e-001  5.3785607e-001
 -7.9697166e-001  5.3672346e-001
 -7.7773790e-001  5.4429669e-001
 -7.7954382e-001  5.4089502e-001
 -7.8420045e-001  5.8549979e-001
 -7.9536249e-001  5.8040142e-001
 -7.8430851e-001  5.5264087e-001
 -7.9568341e-001  5.5867784e-001
 -7.9115312e-001  5.7105935e-001
 -7.8464135e-001  5.8958829e-001
 -7.9657139e-001  5.7387231e-001
 -7.9397456e-001  5.7116424e-001
 -7.8257575e-001  5.6376931e-001
 -7.8650178e-001  5.9977207e-001
 -7.9321338e-001  5.8685571e-001
 -7.7878146e-001  5.9266297e-001
 -7.9284172e-001  5.6599001e-001
 -7.9008940e-001  5.8565350e-001
 -7.9398236e-001  6.0752675e-001
 -7.8974567e-001  5.8612575e-001
 -7.8240524e-001  5.8776694e-001
 -7.9654716e-001  5.8198261e-001
 -7.8592963e-001  5.8051161e-001
 -7.9278289e-001  6.1338661e-001
 -7.7878376e-001  5.7137035e-001
 -7.8678584e-001  6.0675306e-001
 -7.9401104e-001  5.8517901e-001
 -7.8054055e-001  6.0147404e-001
 -7.8211792e-001  6.1018885e-001
 -7.9027360e-001  6.1936749e-001
 -7.8471938e-001  5.8502836e-001
 -7.8492008e-001  5.9331340e-001
 -7.8496723e-001  5.7409913e-001
 -7.8522643e-001  5.9655616e-001
 -7.9656047e-001  6.0484259e-001
 -7.8940208e-001  6.0566728e-001
 -7.7826976e-001  5.9890485e-001
 -7.8395206e-001  5.9414597e-001
 -7.7852048e-001  6.0239944e-001
 -7.7942868e-001  6.0306216e-001
 -7.8297952e-001  6.1210748e-001
 -7.8829739e-001  5.8056515e-001
 -7.8087449e-001  6.0827716e-001
 -7.8004198e-001  6.1711954e-001
 -7.9342731e-001  5.8893518e-001
 -7.9008292e-001  6.1316791e-001
 -7.8582491e-001  5.9886065e-001
 -7.9345087e-001  5.8344614e-001
 -7.8783522e-001  6.1350036e-001
 -6.5859642e-001  6.2324720e-001
 -6.5043346e-001  5.8716301e-001
 -6.4664192e-001  5.5736406e-001
 -6.4915244e-001  5.4153203e-001
 -6.6106090e-001  5.5893345e-001
 -6.4851275e-001  5.2255813e-001
 -6.4902475e-001  5.1719282e-001
 -6.6119625e-001  4.8268768e-001
 -6.4699539e-001  4.8850496e-001
 -6.6156886e-001  4.9936154e-001
 -6.4430706e-001  4.8693662e-001
 -6.4811719e-001  4.5338349e-001
 -6.6047261e-001  4.4668313e-001
 -6.5558536e-001  4.3214585e-001
 -6.5949475e-001  4.1385840e-001
 -6.5747728e-001  4.2382824e-001
 -6.4284032e-001  4.1196310e-001
 -6.4284098e-001  4.4006275e-001
 -6.4612290e-001  4.0728846e-001
 -6.4380038e-001  4.0099086e-001
 -6.4861696e-001  3.9638527e-001
 -6.4938176e-001  3.8086308e-001
 -6.5232688e-001  3.9001241e-001
 -6.4242439e-001  3.9128413e-001
 -6.4778043e-001  3.7693484e-001
 -6.5466379e-001  3.9266205e-001
 -6.6067063e-001  3.8860895e-001
 -6.4761011e-001  3.9062882e-001
 -6.5198717e-001  3.6571907e-001
 -6.5181490e-001  3.7562862e-001
 -6.4597474e-001  3.6541317e-001
 -6.4556942e-001  3.8004385e-001
 -6.4332481e-001  3.9526952e-001
 -6.5253079e-001  3.8387454e-001
 -6.5865707e-001  3.6322456e-001
 -6.5869010e-001  3.6526069e-001
 -6.5030796e-001  3.6890382e-001
 -6.4276732e-001  3.7383001e-001
 -6.4371125e-001  3.7874716e-001
 -6.5118336e-001  3.5904184e-001
 -6.5648274e-001  3.7260211e-001
 -6.5775111e-001  3.5123130e-001
 -6.4692792e-001  3.4340224e-001
 -6.5789775e-001  3.3657435e-001
 -6.5336282e-001  3.3726051e-001
 -6.5523779e-001  3.5260583e-001
 -6.5384213e-001  3.7470043e-001
 -6.4612903e-001  3.5589054e-001
 -6.6164967e-001  3.4094607e-001
 -6.5759926e-001  3.4899072e-001
 -6.4410208e-001  3.3940543e-001
 -6.4544095e-001  3.7477689e-001
 -6.4563115e-001  3.5483743e-001
 -6.5915120e-001  3.3721869e-001
 -6.5615067e-001  3.7918033e-001
 -6.4751777e-001  3.7999148e-001
 -6.5023728e-001  3.4542925e-001
 -6.5043501e-001  3.7371948e-001
 -6.4402576e-001  3.7530513e-001
 -6.5217290e-001  3.6245290e-001
 -6.4641410e-001  3.5415259e-001
 -6.4616791e-001  3.6558706e-001
 -6.4924151e-001  3.4654766e-001
 -6.5028108e-001  3.5653629e-001
 -6.5630224e-001  3.4790158e-001
 -6.4294674e-001  3.5835656e-001
 -6.4381424e-001  3.6614149e-001
 -6.4925615e-001  3.4845009e-001
 -6.5874510e-001  3.3880580e-001
 -9.7675336e-001  3.6279575e-001
 -9.7382442e-001  3.4711735e-001
 -9.6765940e-001  4.1360731e-001
 -9.7466116e-001  4.7106850e-001
 -9.7426242e-001  5.2199084e-001
 -9.6250357e-001  5.7826195e-001
 -9.6075332e-001  5.7684941e-001
 -9.6328996e-001  6.3513855e-001
 -9.7040911e-001  6.7334919e-001
 -9.6282085e-001  7.1161313e-001
 -9.6613801e-001  7.1188591e-001
 -9.6126385e-001  7.5696209e-001
 -9.7515037e-001  7.8793218e-001
 -9.6185450e-001  7.7645099e-001
 -9.6521907e-001  8.3067152e-001
 -9.6714966e-001  8.3276946e-001
 -9.7584089e-001  8.7873105e-001
 -9.6393744e-001  8.7656891e-001
 -9.7166555e-001  8.8157579e-001
 -9.7253474e-001  8.9175152e-001
 -9.7079231e-001  8.8741938e-001
 -9.7493844e-001  9.0523025e-001
 -9.6855374e-001  9.2667304e-001
 -9.6093616e-001  9.2775667e-001
 -9.6271655e-001  9.3051804e-001
 -9.6106132e-001  9.5339215e-001
 -9.7003017e-001  9.8844915e-001
 -9.7013233e-001  9.7290514e-001
 -9.6921830e-001  9.7684677e-001
 -9.6333697e-001  9.7197068e-001
 -9.6354224e-001  9.9039269e-001
 -9.7776172e-001  9.8214014e-001
 -9.7527432e-001  9.7292952e-001
 -9.7361275e-001  9.9837838e-001
 -9.6571336e-001  1.0132921e+000
 -9.6670700e-001  1.0167594e+000
 -9.7378787e-001  1.0135867e+000
 -9.7312201e-001  1.0063973e+000
 -9.7373161e-001  9.9186952e-001
 -9.7100345e-001  1.0209205e+000
 -9.6290881e-001  1.0078687e+000
 -9.6125760e-001  1.0112588e+000
 -9.6904595e-001  1.0233730e+000
 -9.6143682e-001  1.0164295e+000
 -9.6367751e-001  1.0401724e+000
 -9.7491147e-001  1.0404178e+000
 -9.7358139e-001  1.0163484e+000
 -9.7698072e-001  1.0227119e+000
 -9.6102106e-001  1.0190725e+000
 -9.7210505e-001  1.0310336e+000
 -9.6301154e-001  1.0301078e+000
 -9.6191717e-001  1.0539286e+000
 -9.6458559e-001  1.0484034e+000
 -9.7343048e-001  1.0411671e+000
 -9.7894417e-001  1.0343749e+000
 -9.6506170e-001  1.0258787e+000
 -9.6843080e-001  1.0562602e+000
 -9.6904417e-001  1.0449618e+000
 -9.6664733e-001  1.0480463e+000
 -9.6781001e-001  1.0228967e+000
 -9.6550344e-001  1.0542082e+000
 -9.6581581e-001  1.0475977e+000
 -9.7360223e-001  1.0500516e+000
 -9.7519200e-001  1.0512198e+000
 -9.7567223e-001  1.0407632e+000
 -9.6168204e-001  1.0164629e+000
 -9.7140395e-001  1.0378382e+000
 -9.6515824e-001  1.0494310e+000
 -9.7210243e-001  1.0549208e+000
 -4.2454965e-001  1.0382415e+000
 -4.2537099e-001  1.0194177e+000
 -4.2040910e-001  9.7004457e-001
 -4.2395922e-001  9.0435274e-001
 -4.3234140e-001  8.4379639e-001
 -4.2095219e-001  7.4110309e-001
 -4.3291305e-001  7.2609935e-001
 -4.2033857e-001  6.6463223e-001
 -4.1897338e-001  5.9629649e-001
 -4.2943368e-001  5.6481365e-001
 -4.2168350e-001  5.3279792e-001
 -4.3202642e-001  4.8116993e-001
 -4.3704942e-001  4.6619558e-001
 -4.1878145e-001  4.4557259e-001
 -4.3329001e-001  4.1411828e-001
 -4.2644735e-001  3.9469816e-001
 -4.2026525e-001  3.3290350e-001
 -4.3350241e-001  3.0729119e-001
 -4.3169940e-001  2.9958899e-001
 -4.2333409e-001  2.6592582e-001
 -4.2829127e-001  2.7119916e-001
 -4.3162832e-001  2.3410099e-001
 -4.3158251e-001  2.6185140e-001
 -4.2329981e-001  2.2884166e-001
 -4.3660522e-001  1.9917962e-001
 -4.3711871e-001  2.0969659e-001
 -4.1954942e-001  1.7626429e-001
 -4.2054764e-001  2.0196815e-001
 -4.3130347e-001  1.6994807e-001
 -4.3676259e-001  1.6098604e-001
 -4.3136083e-001  1.5854291e-001
 -4.2490731e-001  1.5119438e-001
 -4.2039267e-001  1.6008717e-001
 -4.2748126e-001  1.4211146e-001
 -4.2690160e-001  1.4240003e-001
 -4.3172429e-001  1.5912587e-001
 -4.3233495e-001  1.2996756e-001
 -4.3840370e-001  1.2573924e-001
 -4.3040267e-001  1.2640702e-001
 -4.2012300e-001  1.4183210e-001
 -4.3203779e-001  1.4184171e-001
 -4.3266439e-001  1.1546481e-001
 -4.3597531e-001  1.2260764e-001
 -4.2636116e-001  1.2647806e-001
 -4.2780148e-001  1.0335197e-001
 -4.2023350e-001  1.1568865e-001
 -4.3448483e-001  9.0687775e-002
 -4.2207437e-001  9.4302195e-002
 -4.3103574e-001  9.0215186e-002
 -4.2328620e-001  9.8627838e-002
 -4.3438585e-001  9.0859280e-002
 -4.2104247e-001  9.8161609e-002
 -4.2977336e-001  1.1193470e-001
 -4.2083029e-001  8.5017978e-002
 -4.3152935e-001  7.6060101e-002
 -4.2482720e-001  7.5454500e-002
 -4.2694239e-001  8.3270931e-002
 -4.2234592e-001  1.1113075e-001
 -4.3541859e-001  1.1654392e-001
 -4.3538305e-001  8.6716134e-002
 -4.2742816e-001  9.0221434e-002
 -4.2726225e-001  9.3025181e-002
 -4.2122426e-001  1.1161189e-001
 -4.2675579e-001  1.0153026e-001
 -4.2868178e-001  9.2081992e-002
 -4.3263912e-001  1.1008589e-001
 -4.3145923e-001  9.0723225e-002
 -4.2217265e-001  6.8836147e-002
 -4.2826731e-001  9.5606073e-002
 -9.8401245e-001  9.0767743e-002
 -9.8033944e-001  1.1256529e-001
 -9.8209931e-001  1.4864526e-001
 -9.7545138e-001  2.7236546e-001
 -9.8150299e-001  3.3513301e-001
 -9.8336333e-001  3.9519729e-001
 -9.8012063e-001  4.5345108e-001
 -9.8380055e-001  4.7840482e-001
 -9.7930199e-001  5.3389461e-001
 -9.7679815e-001  6.1031261e-001
 -9.7983920e-001  6.1850364e-001
 -9.8987524e-001  6.8538541e-001
 -9.7631275e-001  7.0170607e-001
 -9.7799605e-001  7.1557251e-001
 -9.8347927e-001  7.6851375e-001
 -9.9223541e-001  8.0094886e-001
 -9.8034080e-001  8.1826984e-001
 -9.8354238e-001  8.4491936e-001
 -9.8014092e-001  8.7550849e-001
 -9.9400226e-001  8.7595464e-001
 -9.8699501e-001  8.8285983e-001
 -9.7746521e-001  9.3409221e-001
 -9.7774134e-001  9.2343817e-001
 -9.7646631e-001  9.5362201e-001
 -9.8855332e-001  9.6112243e-001
 -9.9339360e-001  9.6072627e-001
 -9.8533857e-001  9.9408996e-001
 -9.9338057e-001  9.5783316e-001
 -9.7786978e-001  9.6896937e-001
 -9.9312316e-001  1.0086898e+000
 -9.8246736e-001  9.8340543e-001
 -9.8853169e-001  1.0170250e+000
 -9.8894924e-001  1.0155473e+000
 -9.7819260e-001  1.0212591e+000
 -9.8388299e-001  1.0233120e+000
 -9.8565094e-001  1.0359959e+000
 -9.8253807e-001  1.0486461e+000
 -9.9016244e-001  1.0203859e+000
 -9.9317970e-001  1.0423507e+000
 -9.8805641e-001  1.0274660e+000
 -9.8489588e-001  1.0317196e+000
 -9.9220362e-001  1.0447365e+000
 -9.9276860e-001  1.0349140e+000
 -9.7800077e-001  1.0783263e+000
 -9.8992063e-001  1.0678772e+000
 -9.8866793e-001  1.0660098e+000
 -9.8962110e-001  1.0463300e+000
 -9.8104344e-001  1.0697009e+000
 -9.9477209e-001  1.0732339e+000
 -9.9515584e-001  1.0572012e+000
 -9.9362157e-001  1.0522154e+000
 -9.8943587e-001  1.0717583e+000
 -9.7806748e-001  1.0596207e+000
 -9.9348147e-001  1.0516140e+000
 -9.7706300e-001  1.0508092e+000
 -9.9237583e-001  1.0530788e+000
 -9.8176980e-001  1.0741092e+000
 -9.9100813e-001  1.0777305e+000
 -9.8878268e-001  1.0945454e+000
 -9.8517839e-001  1.0666354e+000
 -9.9518576e-001  1.0527477e+000
 -9.9435673e-001  1.0802356e+000
 -9.7760665e-001  1.0844113e+000
 -9.9387073e-001  1.0725135e+000
 -9.8337183e-001  1.0776042e+000
 -9.8845076e-001  1.0954990e+000
 -9.7698288e-001  1.0590821e+000
 -9.8198568e-001  1.0585755e+000
 -9.8979544e-001  1.0962491e+000
  5.2189424e-001  1.0682739e+000
  5.1716075e-001  1.0675351e+000
  5.2899713e-001  1.0076371e+000
  5.1474449e-001  9.2852516e-001
  5.3361769e-001  8.9112016e-001
  5.2413351e-001  8.6081676e-001
  5.2732752e-001  8.1209631e-001
  5.2483089e-001  7.4948953e-001
  5.2280501e-001  7.3179231e-001
  5.2199403e-001  6.7805650e-001
  5.1857237e-001  6.3259576e-001
  5.2051530e-001  6.2881966e-001
  5.2689801e-001  5.8326033e-001
  5.2852831e-001  5.3795788e-001
  5.1454566e-001  5.3128929e-001
  5.2108131e-001  5.1316710e-001
  5.2144977e-001  4.9632762e-001
  5.1638772e-001  4.6798188e-001
  5.1747568e-001  4.6074869e-001
  5.2281197e-001  4.4426629e-001
  5.1831308e-001  4.5571697e-001
  5.2123591e-001  4.2457086e-001
  5.2775276e-001  4.0794619e-001
  5.2944358e-001  3.8375964e-001
  5.2081511e-001  3.9515176e-001
  5.1438425e-001  3.7080676e-001
  5.1722423e-001  3.7973202e-001
  5.1979959e-001  3.8290296e-001
  5.2240749e-001  3.4696460e-001
  5.2020744e-001  3.3961237e-001
  5.2314343e-001  3.2343923e-001
  5.2070062e-001  3.2355258e-001
  5.1688912e-001  3.5697245e-001
  5.1954070e-001  3.3613303e-001
  5.2444181e-001  3.2031863e-001
  5.3010562e-001  3.0737680e-001
  5.3379322e-001  3.2356649e-001
  5.2760509e-001  3.3231684e-001
  5.1796579e-001  3.3140266e-001
  5.1678487e-001  3.1391701e-001
  5.2546634e-001  3.1456157e-001
  5.1609162e-001  3.0139851e-001
  5.3061851e-001  2.8434726e-001
  5.3039366e-001  3.0416472e-001
  5.2955638e-001  3.2303966e-001
  5.2934692e-001  2.9002614e-001
  5.2911125e-001  2.9663425e-001
  5.1907813e-001  2.8667423e-001
  5.3025991e-001  2.6855771e-001
  5.2254830e-001  2.8840105e-001
  5.3140717e-001  2.7812767e-001
  5.1691452e-001  2.9782548e-001
  5.3304983e-001  2.8388030e-001
  5.1708027e-001  3.0881002e-001
  5.1482063e-001  2.8303504e-001
  5.2176521e-001  2.8272486e-001
  5.1980163e-001  2.6850188e-001
  5.2082013e-001  2.8556520e-001
  5.2719614e-001  2.7936473e-001
  5.2145888e-001  2.7472006e-001
  5.2901664e-001  2.9806231e-001
  5.2879297e-001  2.6502183e-001
  5.2067214e-001  2.8536021e-001
  5.2937850e-001  3.0068572e-001
  5.1939558e-001  2.7632602e-001
  5.1789615e-001  2.7513453e-001
  5.1481386e-001  3.0552009e-001
  5.2188530e-001  2.7255553e-001
  5.2886439e-001  2.6801213e-001
  7.6443355e-001  3.0356673e-001
  7.5956381e-001  2.8955615e-001
  7.5246885e-001  2.8190492e-001
  7.6359696e-001  2.8659813e-001
  7.5514829e-001  2.9518519e-001
  7.5716164e-001  2.9129489e-001
  7.6919623e-001  3.2637497e-001
  7.4992003e-001  3.2554341e-001
  7.5828041e-001  3.0997694e-001
  7.6515390e-001  2.9294349e-001
  7.5649987e-001  3.1858193e-001
  7.5004408e-001  3.1158491e-001
  7.6752296e-001  3.2471180e-001
  7.6780147e-001  2.9925544e-001
  7.5146583e-001  3.3338825e-001
  7.6480842e-001  3.3893713e-001
  7.5021734e-001  3.4259535e-001
  7.5146878e-001  3.4751174e-001
  7.5539635e-001  3.3844942e-001
  7.6339808e-001  3.5067078e-001
  7.5625205e-001  3.4983896e-001
  7.5068174e-001  3.4010915e-001
  7.6322125e-001  3.2867682e-001
  7.6131362e-001  3.3608350e-001
  7.5341896e-001  3.1191732e-001
  7.6042207e-001  3.1693533e-001
  7.6884372e-001  3.3985150e-001
  7.6887994e-001  3.6157252e-001
  7.5175436e-001  3.3056003e-001
  7.6527658e-001  3.5914391e-001
  7.5838497e-001  3.3690667e-001
  7.5758419e-001  3.3656135e-001
  7.6823624e-001  3.6225417e-001
  7.6046562e-001  3.4608540e-001
  7.5422357e-001  3.5777104e-001
  7.5556678e-001  3.3204224e-001
  7.5545091e-001  3.4289063e-001
  7.5184638e-001  3.4703318e-001
  7.5738516e-001  3.5685908e-001
  7.6446424e-001  3.3761646e-001
  7.5811735e-001  3.1873733e-001
  7.5466202e-001  3.5628140e-001
  7.6096173e-001  3.5598362e-001
  7.5109437e-001  3.5089688e-001
  7.5198334e-001  3.6460684e-001
  7.5736188e-001  3.3690510e-001
  7.6888243e-001  3.2368645e-001
  7.5161128e-001  3.5006508e-001
  7.6795397e-001  3.6206673e-001
  7.5989952e-001  3.2564922e-001
  7.5494399e-001  3.4426527e-001
  7.5581389e-001  3.4097530e-001
  7.6196171e-001  3.3168694e-001
  7.5273038e-001  3.5809738e-001
  7.5224997e-001  3.3913009e-001
  7.5217768e-001  3.2146599e-001
  7.5052117e-001  3.2531071e-001
  7.5104741e-001  3.4427615e-001
  7.6534122e-001  3.3240717e-001
  7.6435856e-001  3.4066044e-001
  7.6782348e-001  3.5781166e-001
  7.5371697e-001  3.5948944e-001
  7.5605090e-001  3.4710419e-001
  7.5446642e-001  3.5736727e-001
  7.5010828e-001  3.3606866e-001
  7.5202456e-001  3.1994699e-001
  7.6279988e-001  3.6116650e-001
  7.5705421e-001  3.3533075e-001
  7.6701864e-001  3.3815217e-001
  5.9044411e-001  3.5696658e-001
  5.8395315e-001  3.6563340e-001
  5.8729072e-001  3.2184222e-001
  5.9267686e-001  3.4594620e-001
  5.9880140e-001  3.1438050e-001
  5.9584503e-001  3.2992143e-001
  5.9522764e-001  3.5348942e-001
  5.8349884e-001  3.3471241e-001
  5.9634074e-001  3.0596600e-001
  5.9273338e-001  3.1434164e-001
  6.0062956e-001  3.3513495e-001
  5.8113717e-001  3.4604025e-001
  5.9748890e-001  3.1366746e-001
  5.8365267e-001  3.1702229e-001
  5.9973917e-001  3.2932847e-001
  5.8768110e-001  2.9475898e-001
  5.9291765e-001  3.1527459e-001
  5.8217219e-001  3.2309732e-001
  5.9672919e-001  3.3653218e-001
  5.8635778e-001  3.2087613e-001
  5.8149541e-001  3.2838358e-001
  5.9720169e-001  3.1089245e-001
  5.9631745e-001  3.3323541e-001
  5.8345173e-001  3.2188618e-001
  5.8326846e-001  3.1804981e-001
  5.8761743e-001  2.9050733e-001
  5.8861428e-001  3.1954163e-001
  5.8616603e-001  3.0787311e-001
  5.8154159e-001  2.9827785e-001
  5.8846362e-001  3.1045691e-001
  5.9202487e-001  3.2137472e-001
  5.8666427e-001  3.0031558e-001
  5.8125693e-001  3.2133997e-001
  5.8638625e-001  3.3369608e-001
  5.9332635e-001  3.0879730e-001
  5.8559065e-001  2.9969102e-001
  5.8451677e-001  3.2538757e-001
  5.9635141e-001  3.0677759e-001
  5.9766691e-001  3.1623597e-001
  5.9394746e-001  2.9456397e-001
  5.8527502e-001  2.9780348e-001
  5.9244801e-001  3.2972951e-001
  5.9999000e-001  2.9205971e-001
  5.8729946e-001  2.9942275e-001
  5.8343271e-001  2.9682145e-001
  5.9562932e-001  2.9836712e-001
  5.9939546e-001  2.8591362e-001
  5.8817132e-001  2.9022239e-001
  5.8325317e-001  3.1710684e-001
  5.8399947e-001  3.1966509e-001
  5.9817440e-001  3.3438099e-001
  5.9055852e-001  3.2803859e-001
  5.8483344e-001  2.8663750e-001
  5.8588561e-001  3.1971425e-001
  5.9488812e-001  2.8964946e-001
  5.9616339e-001  3.2506966e-001
  5.9053393e-001  2.8812265e-001
  5.9930261e-001  3.1689898e-001
  5.9326000e-001  3.1710950e-001
  5.8531491e-001  3.1969330e-001
  5.9724836e-001  3.0819993e-001
  5.8421852e-001  2.9037554e-001
  5.9924242e-001  3.2422501e-001
  5.9633983e-001  3.2511075e-001
  5.9922687e-001  3.1613567e-001
  5.8532884e-001  3.0059549e-001
  5.8957002e-001  3.0963648e-001
  5.9391531e-001  2.9131895e-001
  6.0079169e-001  3.0450280e-001
 -4.7767197e-001  3.1448583e-001
 -4.7295484e-001  3.2788026e-001
 -4.7550250e-001  2.7205818e-001
 -4.6028800e-001  2.8907704e-001
 -4.7647669e-001  2.7831232e-001
 -4.7724723e-001  2.3537661e-001
 -4.6580448e-001  2.6508854e-001
 -4.6939287e-001  2.1274385e-001
 -4.7066970e-001  2.0414148e-001
 -4.6249163e-001  2.3095784e-001
 -4.7747684e-001  1.8924027e-001
 -4.7736470e-001  1.7660788e-001
 -4.5969582e-001  1.7071088e-001
 -4.6715303e-001  1.9236892e-001
 -4.5885312e-001  2.0646524e-001
 -4.7492696e-001  1.5964595e-001
 -4.5967400e-001  1.5358782e-001
 -4.6578649e-001  1.7738385e-001
 -4.7032016e-001  1.5167246e-001
 -4.7634435e-001  1.4954756e-001
 -4.7323807e-001  1.4311257e-001
 -4.7759735e-001  1.7614922e-001
 -4.7824676e-001  1.5006450e-001
 -4.6649779e-001  1.4870882e-001
 -4.5999248e-001  1.3303471e-001
 -4.6430606e-001  1.6802776e-001
 -4.7774336e-001  1.5933532e-001
 -4.6146326e-001  1.2680046e-001
 -4.7769180e-001  1.2701250e-001
 -4.6243767e-001  1.5435687e-001
 -4.7253949e-001  1.3859413e-001
 -4.6116012e-001  1.2798158e-001
 -4.6826229e-001  1.1469830e-001
 -4.6912773e-001  1.4698006e-001
 -4.6966152e-001  1.5697136e-001
 -4.7190642e-001  1.0955019e-001
 -4.7080371e-001  1.1743254e-001
 -4.7090503e-001  1.1479794e-001
 -4.6685343e-001  1.1616410e-001
 -4.7683154e-001  1.2093012e-001
 -4.7084332e-001  1.4771648e-001
 -4.6078526e-001  1.2963212e-001
 -4.6868628e-001  1.3322437e-001
 -4.6043375e-001  1.3218099e-001
 -4.7548968e-001  1.2614778e-001
 -4.7283274e-001  1.0600822e-001
 -4.6196850e-001  1.1209490e-001
 -4.6296956e-001  1.2186785e-001
 -4.6024671e-001  1.2961287e-001
 -4.7446090e-001  1.2286183e-001
 -4.7157430e-001  1.2434148e-001
 -4.6485338e-001  1.4681935e-001
 -4.6007428e-001  1.2366180e-001
 -4.7004421e-001  1.1139636e-001
 -4.6650034e-001  1.1383069e-001
 -4.6494226e-001  1.0062913e-001
 -4.6280113e-001  1.4108526e-001
 -4.6136662e-001  1.4638467e-001
 -4.6979686e-001  1.2462581e-001
 -4.6431009e-001  1.3257345e-001
 -4.6318898e-001  1.1467056e-001
 -4.6932605e-001  1.0681892e-001
 -4.6627473e-001  1.1104744e-001
 -4.6495147e-001  1.2700579e-001
 -4.7537902e-001  1.3613918e-001
 -4.7329702e-001  1.0770921e-001
 -4.6861423e-001  1.0998084e-001
 -4.7457772e-001  1.2116166e-001
 -4.6964820e-001  1.3041455e-001
  2.5285704e-001  1.1065215e-001
  2.5022749e-001  1.0314613e-001
  2.4206355e-001  1.1596653e-001
  2.3712214e-001  1.0443219e-001
  2.4926142e-001  1.2046137e-001
  2.5023201e-001  1.0155986e-001
  2.4479042e-001  1.3210016e-001
  2.5449154e-001  1.1437090e-001
  2.4641913e-001  1.3379603e-001
  2.4638382e-001  1.1909362e-001
  2.5495320e-001  1.2340636e-001
  2.4305422e-001  1.0878247e-001
  2.4233994e-001  1.0202359e-001
  2.5399575e-001  1.0530943e-001
  2.5370855e-001  1.2748108e-001
  2.5322125e-001  1.0663111e-001
  2.4852955e-001  9.8794422e-002
  2.5645688e-001  1.2709488e-001
  2.4178398e-001  1.0285006e-001
  2.5176479e-001  1.1146994e-001
  2.4294071e-001  1.2028711e-001
  2.3719528e-001  9.8003490e-002
  2.4225851e-001  1.2013730e-001
  2.5660108e-001  1.1853543e-001
  2.4434816e-001  1.2347029e-001
  2.5661328e-001  1.0057575e-001
  2.4200801e-001  1.0614621e-001
  2.4977799e-001  1.3217757e-001
  2.5111168e-001  1.1422448e-001
  2.5111694e-001  9.9050640e-002
  2.5150035e-001  1.0595244e-001
  2.3897734e-001  1.2511240e-001
  2.3947771e-001  1.1733647e-001
  2.4848442e-001  1.1155657e-001
  2.4706043e-001  1.1075365e-001
  2.4947499e-001  1.3561466e-001
  2.5504599e-001  1.2430012e-001
  2.4393808e-001  1.1476998e-001
  2.4533400e-001  9.2714928e-002
  2.5270189e-001  1.0447656e-001
  2.4270447e-001  1.2472588e-001
  2.4871092e-001  1.1708222e-001
  2.5344968e-001  1.1261902e-001
  2.3851809e-001  1.3016617e-001
  2.4852004e-001  1.0445822e-001
  2.5260592e-001  1.0444418e-001
  2.3784363e-001  1.1661282e-001
  2.4284521e-001  1.4083771e-001
  2.3787064e-001  1.2827514e-001
  2.4213738e-001  9.8742670e-002
  2.4283557e-001  1.2283099e-001
  2.4634451e-001  1.2887855e-001
  2.5139100e-001  1.0910518e-001
  2.4475595e-001  1.0727397e-001
  2.4717227e-001  1.0305306e-001
  2.3926566e-001  1.0058195e-001
  2.4997429e-001  9.3419775e-002
  2.4526624e-001  9.8205388e-002
  2.5392416e-001  1.3206726e-001
  2.5594448e-001  9.9129195e-002
  2.4166174e-001  1.4049194e-001
  2.5191394e-001  1.0137597e-001
  2.5618799e-001  1.1708422e-001
  2.5052094e-001  1.0283829e-001
  2.4873595e-001  1.1629167e-001
  2.4623599e-001  1.1322022e-001
  2.3927519e-001  9.2058995e-002
  2.4623995e-001  1.0155313e-001
  2.5046679e-001  1.2969082e-001
 -8.9626825e-001  1.0771334e-001
 -8.9762870e-001  1.0936511e-001
 -9.0056097e-001  1.8602803e-001
 -9.0073815e-001  2.3806211e-001
 -9.0048667e-001  2.7965226e-001
 -9.0226987e-001  3.4576045e-001
 -8.9206841e-001  3.8307683e-001
 -8.8538427e-001  4.3618549e-001
 -8.8516569e-001  4.6831965e-001
 -8.8695631e-001  4.8747202e-001
 -8.8982752e-001  5.3537327e-001
 -8.8946560e-001  5.3827938e-001
 -8.8782824e-001  5.6988875e-001
 -8.9931378e-001  5.8267890e-001
 -8.9818088e-001  6.2504308e-001
 -8.8536624e-001  6.2517133e-001
 -8.9803159e-001  6.3587228e-001
 -8.8776387e-001  6.5182008e-001
 -8.8774423e-001  6.9272736e-001
 -8.9576184e-001  7.0316483e-001
 -8.8602811e-001  7.0210504e-001
 -9.0144320e-001  7.1035551e-001
 -9.0445165e-001  7.4628875e-001
 -8.8790425e-001  7.4984852e-001
 -8.9777555e-001  7.3612870e-001
 -9.0212726e-001  7.4302326e-001
 -8.9346209e-001  7.6090270e-001
 -9.0038690e-001  7.5344015e-001
 -8.9157299e-001  7.7360133e-001
 -8.9633622e-001  8.0277311e-001
 -8.9630045e-001  7.8761655e-001
 -8.9041718e-001  7.9582027e-001
 -8.8626121e-001  8.1427681e-001
 -8.9180422e-001  7.9679897e-001
 -8.9803958e-001  7.9478766e-001
 -8.9025939e-001  8.1983380e-001
 -9.0031524e-001  8.2720897e-001
 -8.9828500e-001  8.1701580e-001
 -9.0135422e-001  8.2408494e-001
 -9.0079707e-001  8.1595620e-001
 -8.8752438e-001  8.0146760e-001
 -9.0116771e-001  8.2144375e-001
 -9.0036662e-001  8.2686548e-001
 -8.8958363e-001  8.2701432e-001
 -8.8763855e-001  8.3023984e-001
 -8.9819563e-001  8.1906583e-001
 -8.9583495e-001  8.2445531e-001
 -8.8871482e-001  8.2589231e-001
 -8.8597731e-001  8.2232384e-001
 -8.9585590e-001  8.0911290e-001
 -9.0145562e-001  8.2119960e-001
 -8.8865603e-001  8.1970770e-001
 -9.0004392e-001  8.4912094e-001
 -9.0404569e-001  8.5171188e-001
 -8.8985316e-001  8.2820454e-001
 -8.9809929e-001  8.3267083e-001
 -9.0280398e-001  8.2548166e-001
 -9.0000099e-001  8.3705626e-001
 -9.0348950e-001  8.6170915e-001
 -8.8865642e-001  8.5610630e-001
 -8.9568506e-001  8.3600931e-001
 -9.0331279e-001  8.5173565e-001
 -8.8513944e-001  8.1784367e-001
 -8.9854437e-001  8.5825173e-001
 -9.0047649e-001  8.6327702e-001
 -8.9233282e-001  8.1898090e-001
 -8.8877041e-001  8.3955160e-001
 -8.9120131e-001  8.5804389e-001
 -9.0034111e-001  8.2135103e-001
  4.7785523e-001  8.3462800e-001
  4.6637842e-001  8.2845191e-001
  4.7817934e-001  8.1305267e-001
  4.8051156e-001  7.6177510e-001
  4.8360927e-001  6.9674203e-001
  4.8087764e-001  6.6869430e-001
  4.8191730e-001  6.4743671e-001
  4.7570261e-001  5.9457153e-001
  4.8268025e-001  5.6389490e-001
  4.6624254e-001  5.6492975e-001
  4.6613545e-001  5.2599719e-001
  4.7833774e-001  4.9420824e-001
  4.6684896e-001  4.5942122e-001
  4.7696689e-001  4.5957826e-001
  4.8385771e-001  4.5222970e-001
  4.7063586e-001  4.2304675e-001
  4.7570086e-001  4.2072262e-001
  4.7035209e-001  4.2333578e-001
  4.7103002e-001  3.7122572e-001
  4.7690526e-001  3.5781947e-001
  4.8159512e-001  3.8698677e-001
  4.6873779e-001  3.6797755e-001
  4.7190522e-001  3.5644899e-001
  4.6862054e-001  3.5684697e-001
  4.7314055e-001  3.3864022e-001
  4.7417650e-001  3.1569974e-001
  4.7956769e-001  2.9777126e-001
  4.6736342e-001  3.3288964e-001
  4.8206054e-001  2.8766868e-001
  4.8353444e-001  3.0430523e-001
  4.8323761e-001  3.0733079e-001
  4.7219329e-001  3.0760916e-001
  4.7990873e-001  2.8568933e-001
  4.8107150e-001  3.0042906e-001
  4.7954371e-001  2.8824883e-001
  4.7207886e-001  2.6838262e-001
  4.7119360e-001  2.6240771e-001
  4.8384031e-001  2.8631205e-001
  4.8036701e-001  2.5859232e-001
  4.6570315e-001  2.8907578e-001
  4.7759411e-001  2.5752593e-001
  4.8018563e-001  2.7402632e-001
  4.7919530e-001  2.7619426e-001
  4.7430609e-001  2.7837105e-001
  4.7949552e-001  2.8540509e-001
  4.7560004e-001  2.6869699e-001
  4.7977328e-001  2.8614983e-001
  4.7680562e-001  2.4244692e-001
  4.8038054e-001  2.8638157e-001
  4.7520524e-001  2.8063684e-001
  4.6927868e-001  2.3905770e-001
  4.8219740e-001  2.6891421e-001
  4.8139634e-001  2.8048446e-001
  4.7607080e-001  2.4485695e-001
  4.6534683e-001  2.4065106e-001
  4.7422148e-001  2.6490985e-001
  4.7939642e-001  2.3446851e-001
  4.8224338e-001  2.4963628e-001
  4.6599000e-001  2.7813098e-001
  4.7444540e-001  2.3649210e-001
  4.6463325e-001  2.5944128e-001
  4.6826529e-001  2.7447544e-001
  4.7177962e-001  2.5184501e-001
  4.7882509e-001  2.5152138e-001
  4.7709185e-001  2.6370643e-001
  4.8391199e-001  2.4681642e-001
  4.7206385e-001  2.3796683e-001
  4.6675652e-001  2.5238641e-001
  4.8171476e-001  2.7889699e-001
 -3.1903479e-001  2.7188003e-001
 -3.1781011e-001  2.4327083e-001
 -3.1833129e-001  2.2385195e-001
 -3.1520250e-001  2.1896146e-001
 -3.2839204e-001  2.1068600e-001
 -3.2994917e-001  1.8199698e-001
 -3.3109172e-001  1.7746437e-001
 -3.3445025e-001  1.6470344e-001
 -3.2955646e-001  1.6537161e-001
 -3.2955960e-001  1.2599872e-001
 -3.1655366e-001  1.2183096e-001
 -3.2519784e-001  1.3668062e-001
 -3.1490750e-001  9.5982537e-002
 -3.3432570e-001  8.5001059e-002
 -3.1710507e-001  1.1459158e-001
 -3.2546099e-001  1.0371488e-001
 -3.3177239e-001  9.7364367e-002
 -3.2186273e-001  8.3648266e-002
 -3.2785898e-001  6.4877773e-002
 -3.3285627e-001  7.6370770e-002
 -3.2775809e-001  7.7975966e-002
 -3.2161975e-001  8.0818001e-002
 -3.3190365e-001  5.2560485e-002
 -3.2027527e-001  3.5243584e-002
 -3.2494926e-001  6.4545672e-002
 -3.2548424e-001  3.3279228e-002
 -3.2345102e-001  6.0639110e-002
 -3.2205247e-001  5.4114480e-002
 -3.2954895e-001  2.9004492e-002
 -3.2497161e-001  4.2965794e-002
 -3.1765317e-001  4.5158332e-002
 -3.2101718e-001  5.6063971e-002
 -3.2454456e-001  1.2900354e-002
 -3.1969421e-001  3.8484866e-002
 -3.3291112e-001  1.3582914e-002
 -3.2556141e-001  2.5102567e-002
 -3.2002170e-001  4.5195304e-002
 -3.1690570e-001  3.3793400e-002
 -3.3286018e-001  1.2439145e-002
 -3.2882192e-001  4.8494443e-002
 -3.3237044e-001  7.0114021e-003
 -3.2488504e-001  1.9513250e-002
 -3.1964652e-001  3.6758579e-003
 -3.2154770e-001  1.5826839e-002
 -3.2245172e-001  1.1621609e-002
 -3.3108757e-001  3.9382536e-002
 -3.2640529e-001  5.0828560e-003
 -3.1578501e-001  1.0797298e-002
 -3.3217753e-001  4.0357871e-003
 -3.2368663e-001  3.8567535e-002
 -3.3392569e-001  2.8585190e-002
 -3.3096808e-001  1.4794905e-002
 -3.2470703e-001  2.9852141e-002
 -3.2639937e-001  4.3443336e-002
 -3.1629665e-001  1.1009120e-002
 -3.2273195e-001  1.7484408e-002
 -3.2726655e-001  7.5278862e-003
 -3.3370375e-001  3.8510115e-002
 -3.2401464e-001  2.2189386e-004
 -3.2435160e-001  1.9937314e-002
 -3.1694794e-001  9.4989107e-003
 -3.2017894e-001  1.5582492e-002
 -3.2293489e-001  4.8021843e-003
 -3.1776759e-001  2.6247333e-002
 -3.3285258e-001  2.4510173e-002
 -3.2375482e-001  3.8247774e-003
 -3.2882582e-001  4.5529580e-002
 -3.1614081e-001  3.3344686e-002
 -3.2648586e-001  1.7752866e-003
  3.5419498e-001  9.5801896e-004
  3.5840058e-001  2.2684670e-002
  3.6866844e-001  2.6370210e-002
  3.7158647e-001  4.6951473e-002
  3.6830179e-001  3.9902908e-002
  3.5943735e-001  9.4155248e-002
  3.6955220e-001  9.3548053e-002
  3.5824404e-001  1.0852589e-001
  3.6462001e-001  1.0600953e-001
  3.6027805e-001  1.2106150e-001
  3.6712917e-001  9.7851286e-002
  3.6767812e-001  1.3370103e-001
  3.6517050e-001  1.1197459e-001
  3.6766876e-001  1.4182341e-001
  3.7173202e-001  1.2902517e-001
  3.6348290e-001  1.1435103e-001
  3.5897666e-001  1.2605220e-001
  3.6746212e-001  1.3022537e-001
  3.7045385e-001  1.4842115e-001
  3.7316280e-001  1.4724828e-001
  3.7116685e-001  1.4164251e-001
  3.6145813e-001  1.4073154e-001
  3.5505910e-001  1.7074229e-001
  3.6546000e-001  1.7168610e-001
  3.6700639e-001  1.5189375e-001
  3.5906253e-001  1.5990272e-001
  3.6635194e-001  1.8126224e-001
  3.6919556e-001  1.5085361e-001
  3.6660487e-001  1.8797905e-001
  3.6661661e-001  1.6799584e-001
  3.5948152e-001  1.6493918e-001
  3.6945625e-001  1.9353178e-001
  3.5950103e-001  1.8043378e-001
  3.7289422e-001  1.7035680e-001
  3.6210727e-001  1.7971636e-001
  3.6262523e-001  1.7027197e-001
  3.6079208e-001  1.7977927e-001
  3.5921202e-001  1.7806242e-001
  3.7273664e-001  1.9603419e-001
  3.5999327e-001  1.8436201e-001
  3.5884829e-001  1.7825723e-001
  3.5464915e-001  1.6948791e-001
  3.5958826e-001  1.6911443e-001
  3.5596396e-001  1.9911844e-001
  3.6858706e-001  2.0628318e-001
  3.5896007e-001  1.7200771e-001
  3.7051265e-001  2.0185785e-001
  3.6888262e-001  1.6087361e-001
  3.5879267e-001  1.6723653e-001
  3.6752971e-001  2.0289512e-001
  3.5560099e-001  1.7646980e-001
  3.6801782e-001  1.8851345e-001
  3.6656049e-001  2.0137252e-001
  3.7138098e-001  1.6225575e-001
  3.6102613e-001  1.7723127e-001
  3.5697963e-001  1.8353046e-001
  3.5727452e-001  1.6200818e-001
  3.6248160e-001  1.8440279e-001
  3.6041492e-001  1.8980774e-001
  3.6016721e-001  1.7427166e-001
  3.5563458e-001  1.9124040e-001
  3.6397922e-001  1.9350274e-001
  3.5458485e-001  1.8082735e-001
  3.6397996e-001  1.6711145e-001
  3.5444577e-001  1.9955064e-001
  3.6130426e-001  1.9758211e-001
  3.6536907e-001  1.8059421e-001
  3.7240235e-001  2.0074644e-001
  3.5402562e-001  1.9818160e-001
 -3.5976600e-001  1.9263088e-001
 -3.5284188e-001  1.7867807e-001
 -3.5939750e-001  1.7828241e-001
 -3.5922284e-001  1.4952072e-001
 -3.5030638e-001  1.3608543e-001
 -3.6146190e-001  1.4494248e-001
 -3.6476436e-001  1.2519053e-001
 -3.4728892e-001  1.3199967e-001
 -3.6484869e-001  1.1826102e-001
 -3.6482697e-001  1.1568127e-001
 -3.5558097e-001  8.8211436e-002
 -3.4650289e-001  9.8902691e-002
 -3.6507252e-001  9.0538760e-002
 -3.5696880e-001  8.7703199e-002
 -3.5017689e-001  9.5667112e-002
 -3.4932933e-001  6.9223289e-002
 -3.6238234e-001  6.4872920e-002
 -3.5778327e-001  5.6165302e-002
 -3.4800962e-001  7.4275831e-002
 -3.5814318e-001  7.1259760e-002
 -3.5426464e-001  4.6123476e-002
 -3.5949680e-001  5.4891483e-002
 -3.6051110e-001  4.5197363e-002
 -3.5883496e-001  7.7324697e-002
 -3.5339928e-001  5.0527510e-002
 -3.5714067e-001  5.7644705e-002
 -3.5277526e-001  4.6577918e-002
 -3.5640655e-001  7.2805938e-002
 -3.5830983e-001  3.2641422e-002
 -3.5852741e-001  6.7559229e-002
 -3.4688776e-001  3.8347036e-002
 -3.6277100e-001  3.5690123e-002
 -3.5646075e-001  4.0031950e-002
 -3.4669718e-001  2.9893704e-002
 -3.4747016e-001  6.1562592e-002
 -3.6575388e-001  2.3725343e-002
 -3.6562326e-001  5.6408076e-002
 -3.5727896e-001  5.7020216e-002
 -3.6496899e-001  2.1646672e-002
 -3.4889123e-001  5.7851472e-002
 -3.4957024e-001  2.2296084e-002
 -3.5641817e-001  1.8623829e-002
 -3.5297271e-001  6.1820254e-002
 -3.6090687e-001  5.3319886e-002
 -3.5250069e-001  2.0873307e-002
 -3.6069744e-001  4.5079478e-002
 -3.4883223e-001  3.4249179e-002
 -3.5728537e-001  5.4004666e-002
 -3.4803881e-001  5.6481964e-002
 -3.4769112e-001  5.7460565e-002
 -3.4812410e-001  3.7882936e-002
 -3.5565623e-001  3.6248077e-002
 -3.5351190e-001  4.5500093e-002
 -3.6383802e-001  5.9700207e-002
 -3.6573605e-001  5.2540679e-002
 -3.5615302e-001  5.7452622e-002
 -3.5791804e-001  2.1955426e-002
 -3.4608131e-001  5.8170823e-002
 -3.4602198e-001  3.4071703e-002
 -3.6008438e-001  4.5526810e-002
 -3.5584731e-001  1.9272762e-002
 -3.4912348e-001  5.5678087e-002
 -3.5448049e-001  5.8826076e-002
 -3.5574155e-001  2.1008826e-002
 -3.6549454e-001  2.0834459e-002
 -3.6575984e-001  4.9442483e-002
 -3.5254554e-001  4.0129612e-002
 -3.4893912e-001  1.9388212e-002
 -3.4887795e-001  5.4640329e-002
 -5.6739930e-001  3.9434765e-002
 -5.7791254e-001  5.2972628e-002
 -5.7206336e-001  3.3838021e-002
 -5.7221392e-001  5.6361347e-002
 -5.7004829e-001  1.0189183e-001
 -5.7244316e-001  1.0349860e-001
 -5.7624890e-001  1.1955966e-001
 -5.8191979e-001  1.0074089e-001
 -5.8161294e-001  1.5119495e-001
 -5.7259467e-001  1.5355888e-001
 -5.8146375e-001  1.5567439e-001
 -5.6516374e-001  1.3457852e-001
 -5.7585045e-001  1.7826550e-001
 -5.7407019e-001  1.9352251e-001
 -5.8248041e-001  1.5781636e-001
 -5.7434250e-001  2.0076739e-001
 -5.6865973e-001  1.9044604e-001
 -5.7398598e-001  1.7578131e-001
 -5.7809136e-001  2.0340606e-001
 -5.6502568e-001  2.0781209e-001
 -5.6548276e-001  2.2365424e-001
 -5.7611230e-001  1.8151070e-001
 -5.7489951e-001  1.8810951e-001
 -5.7781323e-001  2.1711022e-001
 -5.6382540e-001  2.2641688e-001
 -5.7923185e-001  1.9221929e-001
 -5.6998559e-001  2.2610626e-001
 -5.7973566e-001  2.1507155e-001
 -5.7940821e-001  2.3394368e-001
 -5.6529237e-001  2.1524657e-001
 -5.7858809e-001  2.0857498e-001
 -5.6332240e-001  2.4520312e-001
 -5.7525340e-001  2.0652145e-001
 -5.8244721e-001  2.3108160e-001
 -5.6542448e-001  2.1552192e-001
 -5.6558175e-001  2.4041870e-001
 -5.7172386e-001  2.3640445e-001
 -5.7302256e-001  2.2878545e-001
 -5.8083849e-001  2.4592991e-001
 -5.7494517e-001  2.2432261e-001
 -5.7206753e-001  2.1566429e-001
 -5.6312110e-001  2.3981743e-001
 -5.7376482e-001  2.2296805e-001
 -5.6629909e-001  2.1041266e-001
 -5.6461631e-001  2.5870115e-001
 -5.6593738e-001  2.1616279e-001
 -5.7273722e-001  2.2225130e-001
 -5.6718960e-001  2.1672308e-001
 -5.8227225e-001  2.6013217e-001
 -5.7556904e-001  2.1942843e-001
 -5.7825344e-001  2.4674294e-001
 -5.6994647e-001  2.1837695e-001
 -5.7591411e-001  2.4835309e-001
 -5.7853862e-001  2.5804892e-001
 -5.6528260e-001  2.4976437e-001
 -5.6818427e-001  2.2460731e-001
 -5.7592992e-001  2.2397077e-001
 -5.6361784e-001  2.4912113e-001
 -5.7073721e-001  2.5280175e-001
 -5.7389078e-001  2.3388391e-001
 -5.7844003e-001  2.5412808e-001
 -5.7875838e-001  2.1681445e-001
 -5.8232228e-001  2.2296119e-001
 -5.6559940e-001  2.2768068e-001
 -5.7692886e-001  2.6168861e-001
 -5.7450122e-001  2.2204271e-001
 -5.6820101e-001  2.3208425e-001
 -5.6552130e-001  2.3076431e-001
 -5.7363094e-001  2.5534201e-001
  3.2956831e-001  2.2203218e-001
  3.3306924e-001  2.4084794e-001
  3.2792926e-001  2.2726328e-001
  3.3503660e-001  2.4943786e-001
  3.1877980e-001  2.4472354e-001
  3.2786412e-001  2.4205687e-001
  3.2899484e-001  2.0679381e-001
  3.1865309e-001  2.0295122e-001
  3.1828386e-001  2.1366845e-001
  3.1815113e-001  1.8310251e-001
  3.1715521e-001  1.9452909e-001
  3.3364882e-001  1.7716420e-001
  3.3236824e-001  1.9366394e-001
  3.2244498e-001  2.1112058e-001
  3.1714366e-001  1.9866429e-001
  3.2194656e-001  1.8824298e-001
  3.1665159e-001  1.9078439e-001
  3.1706327e-001  1.6396765e-001
  3.2976333e-001  1.6330163e-001
  3.2351647e-001  1.7592484e-001
  3.2570464e-001  1.8937310e-001
  3.2070681e-001  1.8815532e-001
  3.2977854e-001  1.8200319e-001
  3.3267922e-001  1.8850714e-001
  3.1883576e-001  1.7883258e-001
  3.2321893e-001  1.6835773e-001
  3.2335087e-001  1.9768950e-001
  3.2575412e-001  1.7760210e-001
  3.1879933e-001  1.9298607e-001
  3.2361668e-001  1.8985771e-001
  3.1539403e-001  1.4990675e-001
  3.3361121e-001  1.5913628e-001
  3.2393554e-001  1.4724760e-001
  3.3002990e-001  1.5162797e-001
  3.1730828e-001  1.8122554e-001
  3.1698137e-001  1.6337332e-001
  3.3095313e-001  1.7802895e-001
  3.3376706e-001  1.4714639e-001
  3.1988877e-001  1.7563912e-001
  3.2435215e-001  1.6163687e-001
  3.1944635e-001  1.6373868e-001
  3.1744015e-001  1.8152760e-001
  3.1702133e-001  1.5663518e-001
  3.3516060e-001  1.6068995e-001
  3.2411871e-001  1.8521508e-001
  3.2038350e-001  1.8632832e-001
  3.2989090e-001  1.8025240e-001
  3.2302521e-001  1.5633915e-001
  3.2706379e-001  1.4156590e-001
  3.3085349e-001  1.4890325e-001
  3.2952952e-001  1.5335724e-001
  3.3424416e-001  1.6417841e-001
  3.3050343e-001  1.5948466e-001
  3.1879616e-001  1.4205029e-001
  3.2531599e-001  1.8998247e-001
  3.2125838e-001  1.4562251e-001
  3.3255276e-001  1.8155634e-001
  3.2856759e-001  1.8706224e-001
  3.2903875e-001  1.8174376e-001
  3.1762530e-001  1.4816395e-001
  3.2750233e-001  1.4934165e-001
  3.2255161e-001  1.5779348e-001
  3.2340738e-001  1.7357194e-001
  3.1914051e-001  1.8633237e-001
  3.3191307e-001  1.4753503e-001
  3.3420851e-001  1.8647477e-001
  3.3335153e-001  1.8044289e-001
  3.2731432e-001  1.4829455e-001
  3.2378387e-001  1.6849061e-001
 -1.0074954e+000  1.4308284e-001
 -1.0066774e+000  1.8832215e-001
 -9.9726280e-001  2.3081288e-001
 -9.9801527e-001  3.3637833e-001
 -1.0074068e+000  3.9130608e-001
 -9.9845471e-001  4.3998466e-001
 -1.0071384e+000  4.9687319e-001
 -9.9228347e-001  5.3515176e-001
 -9.9902334e-001  5.7594217e-001
 -9.8843113e-001  6.2202382e-001
 -9.9632032e-001  6.6534416e-001
 -9.9019941e-001  7.4266581e-001
 -9.9620203e-001  7.3552318e-001
 -9.9813297e-001  7.9404998e-001
 -9.9579929e-001  7.9666491e-001
 -9.8891095e-001  8.2409122e-001
 -1.0074096e+000  8.5967252e-001
 -1.0020401e+000  8.5649126e-001
 -1.0061486e+000  8.7823281e-001
 -9.9427685e-001  9.2341277e-001
 -9.9510183e-001  9.5475292e-001
 -1.0057952e+000  9.3630627e-001
 -9.9428391e-001  9.8821297e-001
 -1.0054946e+000  9.7867824e-001
 -9.9499796e-001  9.9725606e-001
 -1.0042268e+000  9.8506518e-001
 -1.0014945e+000  9.8963036e-001
 -1.0008630e+000  1.0165763e+000
 -9.9068898e-001  1.0172957e+000
 -1.0032434e+000  1.0369572e+000
 -9.9136097e-001  1.0479270e+000
 -9.9625364e-001  1.0379570e+000
 -9.9590768e-001  1.0455900e+000
 -9.9435588e-001  1.0344433e+000
 -1.0043109e+000  1.0436806e+000
 -9.9853550e-001  1.0916144e+000
 -1.0004650e+000  1.0573050e+000
 -1.0053124e+000  1.0865971e+000
 -1.0023499e+000  1.0888405e+000
 -9.9272542e-001  1.0776296e+000
 -9.9547992e-001  1.0997891e+000
 -1.0009694e+000  1.0768902e+000
 -1.0006560e+000  1.0769617e+000
 -9.9815830e-001  1.1080715e+000
 -1.0003719e+000  1.1136623e+000
 -9.9307831e-001  1.0876063e+000
 -9.9783898e-001  1.1155678e+000
 -1.0065005e+000  1.1009679e+000
 -9.8799397e-001  1.0940978e+000
 -1.0062107e+000  1.0860353e+000
 -9.9977499e-001  1.0930660e+000
 -9.9284323e-001  1.1135337e+000
 -9.9376562e-001  1.0860112e+000
 -1.0074259e+000  1.1235614e+000
 -9.9677241e-001  1.1131445e+000
 -9.9967727e-001  1.1221207e+000
 -1.0014800e+000  1.1179148e+000
 -9.9794991e-001  1.1346271e+000
 -9.8769169e-001  1.1355450e+000
 -9.8855118e-001  1.1222739e+000
 -9.9134241e-001  1.0938060e+000
 -9.8832590e-001  1.1289558e+000
 -1.0008736e+000  1.1252784e+000
 -9.9000225e-001  1.1356107e+000
 -1.0001985e+000  1.0942555e+000
 -1.0039677e+000  1.1278811e+000
 -1.0025932e+000  1.1091250e+000
 -9.9604791e-001  1.1148400e+000
 -9.9828138e-001  1.1186301e+000
  5.0804668e-001  1.0964902e+000
  5.0990269e-001  1.0955312e+000
  5.0927451e-001  1.0477925e+000
  5.0052472e-001  9.6045589e-001
  4.9633790e-001  9.0377546e-001
  4.9650550e-001  8.8680668e-001
  5.0065382e-001  8.0525900e-001
  5.0330483e-001  7.8910113e-001
  5.0333196e-001  7.0652560e-001
  5.0200090e-001  6.9288747e-001
  4.9516289e-001  6.6735122e-001
  5.0876969e-001  5.9912198e-001
  5.0355426e-001  6.0835003e-001
  5.1201212e-001  5.6283313e-001
  5.0448279e-001  5.2676838e-001
  4.9790908e-001  5.2794827e-001
  5.0716910e-001  5.2048823e-001
  4.9905980e-001  4.6946478e-001
  5.1069593e-001  4.8250098e-001
  4.9898421e-001  4.3935144e-001
  5.0626843e-001  4.3275743e-001
  5.0382372e-001  4.2336407e-001
  5.0774172e-001  4.0160661e-001
  5.0321110e-001  3.7533747e-001
  4.9794503e-001  3.9111721e-001
  5.0166393e-001  3.8741583e-001
  4.9899816e-001  3.6638938e-001
  5.0019362e-001  3.6305819e-001
  5.0726799e-001  3.4074983e-001
  5.0792710e-001  3.4775366e-001
  5.0523719e-001  3.5554388e-001
  4.9473669e-001  3.5211139e-001
  4.9818710e-001  3.1575972e-001
  4.9622668e-001  3.2573072e-001
  5.0949894e-001  3.1263633e-001
  5.0951270e-001  3.1636286e-001
  5.0685398e-001  3.2239981e-001
  5.0178980e-001  3.1074051e-001
  5.0062877e-001  2.9833194e-001
  4.9569882e-001  3.2064840e-001
  4.9520772e-001  2.8059197e-001
  4.9720429e-001  2.7752153e-001
  5.1179531e-001  2.9817375e-001
  5.0892886e-001  3.0692985e-001
  5.1040376e-001  2.8320171e-001
  5.1335574e-001  2.8686265e-001
  5.0839683e-001  2.7389529e-001
  4.9446200e-001  2.7003013e-001
  4.9383596e-001  2.8734427e-001
  5.0961378e-001  2.9743621e-001
  5.0713548e-001  2.7755310e-001
  5.1189673e-001  2.7996423e-001
  5.1025400e-001  2.8775733e-001
  5.0501776e-001  2.9116740e-001
  5.0879097e-001  2.7826308e-001
  5.1059051e-001  2.8381137e-001
  5.0131694e-001  2.5667136e-001
  4.9582296e-001  2.6093802e-001
  5.0231172e-001  2.7411854e-001
  4.9781794e-001  2.8085617e-001
  4.9582432e-001  2.9236585e-001
  4.9477784e-001  2.5715270e-001
  5.0340053e-001  2.8322878e-001
  5.0101911e-001  2.7536146e-001
  4.9673974e-001  2.9418152e-001
  5.0947093e-001  2.7671329e-001
  4.9344802e-001  2.9394300e-001
  5.0365437e-001  2.9057670e-001
  4.9908146e-001  2.6504106e-001
  4.7044336e-001  2.6850701e-001
  4.7735620e-001  2.5732561e-001
  4.7346690e-001  2.6924777e-001
  4.7679604e-001  2.8452051e-001
  4.7209314e-001  2.5018124e-001
  4.6989370e-001  2.8644225e-001
  4.6726202e-001  2.8253790e-001
  4.7466610e-001  2.4307661e-001
  4.7470505e-001  2.8497841e-001
  4.7533664e-001  2.8505940e-001
  4.7369797e-001  2.8377503e-001
  4.7715244e-001  2.5200899e-001
  4.7198980e-001  2.4516572e-001
  4.6843980e-001  2.5181153e-001
  4.6508965e-001  2.7314228e-001
  4.8230757e-001  2.7686603e-001
  4.6534599e-001  2.8109219e-001
  4.7016883e-001  2.4467218e-001
  4.6557688e-001  2.7343209e-001
  4.6622022e-001  2.6993124e-001
  4.8349426e-001  2.4913610e-001
  4.7493050e-001  2.5548545e-001
  4.8143529e-001  2.7943247e-001
  4.7667451e-001  2.3509858e-001
  4.7963993e-001  2.6432811e-001
  4.6615510e-001  2.5034111e-001
  4.7247432e-001  2.5000551e-001
  4.8384737e-001  2.7958640e-001
  4.6490830e-001  2.5597201e-001
  4.6688811e-001  2.6278780e-001
  4.6496207e-001  2.3589929e-001
  4.6882440e-001  2.6099239e-001
  4.6705845e-001  2.3491170e-001
  4.7954473e-001  2.3131188e-001
  4.6527092e-001  2.5704688e-001
  4.6853299e-001  2.3760013e-001
  4.8382651e-001  2.6864865e-001
  4.6970543e-001  2.3592543e-001
  4.7204838e-001  2.6818312e-001
  4.6553967e-001  2.4995826e-001
  4.6844622e-001  2.4474525e-001
  4.8120508e-001  2.4850196e-001
  4.7667256e-001  2.7387404e-001
  4.7899355e-001  2.6201259e-001
  4.6713885e-001  2.6930690e-001
  4.8404638e-001  2.7202669e-001
  4.7776358e-001  2.7378407e-001
  4.8217150e-001  2.7575770e-001
  4.6921814e-001  2.6119214e-001
  4.7665399e-001  2.4780837e-001
  4.7282644e-001  2.7552495e-001
  4.7205157e-001  2.3967228e-001
  4.8230728e-001  2.6673261e-001
  4.8121767e-001  2.7357217e-001
  4.7523355e-001  2.5299065e-001
  4.8030947e-001  2.4648105e-001
  4.6624546e-001  2.3957594e-001
  4.7119799e-001  2.3984620e-001
  4.7513681e-001  2.4100570e-001
  4.7321969e-001  2.5433320e-001
  4.6629693e-001  2.3739202e-001
  4.7657381e-001  2.6104548e-001
  4.7721506e-001  2.3605433e-001
  4.7593530e-001  2.4935683e-001
  4.7301562e-001  2.6677146e-001
  4.7788847e-001  2.4168045e-001
  4.6814442e-001  2.4081402e-001
  4.8245486e-001  2.6693044e-001
  4.8406466e-001  2.5419335e-001
  1.1799156e-001  2.7574431e-001
  1.0552468e-001  2.5240930e-001
  1.0067989e-001  2.2755655e-001
  9.9378219e-002  2.3193894e-001
  1.1342374e-001  2.1062931e-001
  1.1711817e-001  1.9739993e-001
  1.1172973e-001  1.8452746e-001
  1.0453514e-001  1.7758026e-001
  1.0292987e-001  1.6287892e-001
  1.1877182e-001  1.5976826e-001
  1.0732303e-001  1.4681001e-001
  1.1154062e-001  1.5394030e-001
  1.1762718e-001  1.2373672e-001
  1.1175654e-001  9.9744752e-002
  1.0218997e-001  1.0627952e-001
  1.0375252e-001  1.0039632e-001
  1.1789028e-001  8.1252252e-002
  1.0896704e-001  8.5060076e-002
  1.0882554e-001  9.9245883e-002
  1.0979975e-001  6.6517707e-002
  1.1707917e-001  1.0323832e-001
  1.0877905e-001  9.8414017e-002
  1.0057762e-001  5.7100478e-002
  1.1441767e-001  8.2920508e-002
  1.0877774e-001  6.8603547e-002
  1.0249183e-001  8.5769552e-002
  1.0499249e-001  5.1050913e-002
  1.0460918e-001  7.2862039e-002
  1.0496291e-001  6.4452146e-002
  1.1794195e-001  6.0384034e-002
  1.0729234e-001  4.9508072e-002
  1.0746658e-001  8.0278177e-002
  1.0843481e-001  3.5427602e-002
  1.0537417e-001  4.7382305e-002
  1.1634471e-001  5.5250177e-002
  1.1023957e-001  7.8344060e-002
  1.1017691e-001  3.5542551e-002
  1.0072167e-001  3.5208502e-002
  1.0617537e-001  3.3813181e-002
  1.0579419e-001  3.9040392e-002
  1.1593539e-001  6.1068158e-002
  1.0518947e-001  5.7185358e-002
  1.0578648e-001  3.1411931e-002
  1.1509311e-001  2.4333324e-002
  1.1112760e-001  6.8821460e-002
  1.0108623e-001  5.9255194e-002
  1.1402612e-001  5.1797092e-002
  1.0604044e-001  3.9280324e-002
  1.0452351e-001  5.2139084e-002
  1.0388811e-001  4.0876299e-002
  1.1604607e-001  5.2842191e-002
  1.1043015e-001  4.8215070e-002
  1.0378472e-001  2.9707737e-002
  1.0457285e-001  2.3857241e-002
  1.1693852e-001  5.5925908e-002
  1.0936918e-001  4.5438527e-002
  1.1525299e-001  4.5042203e-002
  1.1719330e-001  2.0339254e-002
  1.1311783e-001  4.2158895e-002
  1.0895328e-001  4.3713925e-002
  1.0734242e-001  3.1076802e-002
  1.0897764e-001  6.0516037e-002
  1.1045479e-001  6.5094360e-002
  1.1558620e-001  6.7737252e-002
  1.0938300e-001  5.1233239e-002
  1.0321320e-001  3.0496215e-002
  1.0887789e-001  4.2694181e-002
  9.9830919e-002  4.9875868e-002
  9.9734453e-002  2.0919117e-002
  9.9396269e-001  2.2329774e-002
  9.8631013e-001  2.7581610e-002
  9.9431299e-001  4.5803340e-002
  9.8419036e-001  8.6861252e-002
  9.8692434e-001  6.1690362e-002
  9.9889834e-001  7.6331080e-002
  1.0004452e+000  1.2582784e-001
  9.8445200e-001  1.0204332e-001
  9.8566822e-001  1.2068222e-001
  1.0007105e+000  1.2354562e-001
  9.9995841e-001  1.3007585e-001
  1.0018343e+000  1.3759176e-001
  9.9603202e-001  1.8295438e-001
  9.9678262e-001  1.6916362e-001
  1.0008436e+000  1.8541250e-001
  9.9651219e-001  1.9412677e-001
  9.9168790e-001  1.8041002e-001
  9.9394658e-001  1.6204055e-001
  9.9643661e-001  1.8100013e-001
  9.8438682e-001  1.7885697e-001
  9.9845641e-001  2.1500760e-001
  9.9180634e-001  1.9318466e-001
  9.9583094e-001  1.9366552e-001
  1.0000299e+000  2.0745471e-001
  9.9599465e-001  1.9288784e-001
  9.8235282e-001  1.8968265e-001
  9.8821136e-001  2.0009809e-001
  9.9310900e-001  2.0770432e-001
  9.9452523e-001  2.2518571e-001
  9.9286025e-001  2.1291399e-001
  9.8258724e-001  2.2251643e-001
  9.9288624e-001  2.0968964e-001
  9.8253140e-001  2.3164284e-001
  9.9860733e-001  2.1354055e-001
  9.9718493e-001  2.4598570e-001
  9.9157734e-001  2.1884598e-001
  9.9756536e-001  2.2300205e-001
  9.9374171e-001  2.3187972e-001
  9.8854765e-001  2.3904891e-001
  9.8944572e-001  2.1408307e-001
  9.8550514e-001  2.1079904e-001
  9.8947777e-001  2.5111526e-001
  9.9938623e-001  2.4268061e-001
  9.8305242e-001  2.1945197e-001
  1.0014005e+000  2.2020907e-001
  9.8251113e-001  2.1425151e-001
  9.9191713e-001  2.3832654e-001
  9.8979934e-001  2.1442361e-001
  9.9589101e-001  2.1874805e-001
  9.9330688e-001  2.3694589e-001
  9.9992900e-001  2.1049100e-001
  9.9354838e-001  2.0964898e-001
  9.9630258e-001  2.4295453e-001
  9.9228963e-001  2.2275349e-001
  9.9511264e-001  2.3699067e-001
  9.8604719e-001  2.3009470e-001
  9.9166640e-001  2.4395047e-001
  9.8414285e-001  2.3794753e-001
  1.0011811e+000  2.2176125e-001
  9.8950963e-001  2.5334388e-001
  9.9929662e-001  2.3143918e-001
  1.0017418e+000  2.1257312e-001
  9.8830326e-001  2.4794619e-001
  9.9891523e-001  2.5246697e-001
  9.8308268e-001  2.3889324e-001
  9.9952965e-001  2.2434622e-001
  9.8887221e-001  2.3479861e-001
  9.8818582e-001  2.1155726e-001
  1.0000666e+000  2.2494307e-001
 -2.3604583e-001  2.5379529e-001
 -2.4122307e-001  2.4989660e-001
 -2.2761585e-001  1.9703144e-001
 -2.3027906e-001  2.0914281e-001
 -2.4441369e-001  1.6525707e-001
 -2.2671575e-001  1.6794097e-001
 -2.4411670e-001  1.4927741e-001
 -2.3595647e-001  1.3666223e-001
 -2.4436892e-001  1.3917775e-001
 -2.4471103e-001  9.0277852e-002
 -2.3528292e-001  1.1888882e-001
 -2.2806767e-001  1.0228119e-001
 -2.4521013e-001  7.9435988e-002
 -2.2884357e-001  5.9830635e-002
 -2.3660392e-001  5.0091488e-002
 -2.3960559e-001  7.2222424e-002
 -2.2996981e-001  4.4668751e-002
 -2.2749952e-001  5.2482541e-002
 -2.3344336e-001  4.6950908e-002
 -2.2687760e-001  5.0181875e-002
 -2.3631857e-001  5.9645066e-002
 -2.2834265e-001  3.0639465e-002
 -2.3554238e-001  4.0156883e-002
 -2.3004805e-001  2.6223841e-002
 -2.2899424e-001  4.6127312e-002
 -2.3001008e-001 -4.0683738e-005
 -2.3082064e-001  3.8883914e-002
 -2.2876948e-001 -4.3879591e-003
 -2.4580243e-001 -7.0753429e-003
 -2.2679124e-001  3.0621454e-002
 -2.2886806e-001  3.0577288e-002
 -2.3347833e-001  1.4747167e-002
 -2.3230368e-001  8.0683201e-003
 -2.2745895e-001 -1.3476058e-002
 -2.3779197e-001  1.2238281e-002
 -2.2820987e-001 -3.1329705e-003
 -2.2677064e-001  4.4075604e-003
 -2.3761428e-001  2.3658468e-002
 -2.4143869e-001 -2.5775392e-002
 -2.3384392e-001  3.6225583e-003
 -2.3446566e-001 -2.1182791e-002
 -2.4623250e-001  1.1285987e-002
 -2.3570530e-001 -2.5447052e-002
 -2.3604694e-001 -1.3602883e-002
 -2.2799291e-001 -1.7776258e-002
 -2.4292089e-001 -2.7405909e-002
 -2.3449458e-001 -1.7928059e-002
 -2.4631348e-001 -6.4544072e-003
 -2.3025417e-001 -1.2410643e-002
 -2.3471271e-001 -3.2435825e-002
 -2.4077158e-001 -2.6533994e-002
 -2.4181613e-001  1.2659217e-002
 -2.4449828e-001 -1.9785549e-002
 -2.3579754e-001  3.8322184e-003
 -2.4368112e-001  1.4939687e-002
 -2.3108805e-001 -5.5199274e-003
 -2.4550637e-001 -1.0400656e-002
  9.7142955e-001 -2.8601514e-002
